d | Vol1_s(d) [estimate] | Vol1_s(d) [exact] | n_hits
1	2.0						  2.0				  1000000
2	3.140852				  3.14159265359		  785213
3	4.195904		          4.18879020479		  524488
4	4.93248					  4.93480220054		  308280
5	5.275456				  5.26378901391		  164858
6	5.163008				  5.16771278005		  80672
7	4.70912					  4.72476597033		  36790
8	4.004864				  4.05871212642		  15644
9	3.33824					  3.29850890274		  6520
10	2.494464		          2.55016403988		  2436
11	1.941504		          1.88410387939		  948
12	1.437696		          1.33526276885		  351
13	0.917504		          0.910628754783	  112
14	0.638976		          0.599264529321	  39
15	0.425984		          0.381443280823	  13
16	0.0		                  0.235330630359	  0
