-0.987830624936 -0.0564857048759 0.144913841934
-0.613882662871 0.777405895365 -0.137069872982
0.315118334331 -0.427785230745 -0.84717190211
0.452395119673 -0.89154472877 -0.0220601971704
-0.613149205946 -0.484499583123 -0.62394567488
-0.465207959099 0.463613337866 0.754085026866
0.314354558579 0.886261657528 -0.340178608816
-0.239201239266 0.349391964407 -0.9059293694
-0.0129703043938 -0.359939002569 0.932885676615
-0.464444118627 -0.850433633771 0.247091673724
0.832858704025 -0.1988126745 0.516546125325
0.45148399451 0.675778724236 0.582653686653
0.916849332709 0.144172869444 -0.372292203556
