-0.38716665372 -0.67907121599 0.623669997563
-0.139038492002 -0.206609950772 -0.968493998941
0.249855322675 0.634414411908 -0.731498921185
-0.44491095149 -0.837293188707 -0.317796100338
0.557999212571 -0.67875240619 0.477422297199
0.268925555431 0.947687503314 0.171951858665
-0.677654037881 0.472208991988 -0.563740785139
0.761950928403 0.247804097037 0.598350994148
0.937901750054 0.104574633875 -0.330763439931
0.492215322523 -0.729195850499 -0.47539193082
-0.110977003148 0.164360559165 0.980137598178
-0.62952657902 0.684539076836 0.367562972281
-0.98352650298 -0.158474234772 0.0869570862477
