-0.0333677519997 -0.860575761697 -0.50822824745
-0.0550647979677 0.164725415291 0.984801201046
-0.167318982906 -0.0423581958039 -0.984992457437
0.640942340394 0.364618767836 -0.675459895502
-0.872984944952 0.486036108975 0.0408189497541
0.821392883698 -0.491555719766 -0.289286544753
-0.0938814748076 0.914846106415 0.39273766087
-0.196375249949 0.810128329749 -0.552384694344
-0.843928683985 -0.366450428427 -0.391788794956
0.706115534143 -0.301150297383 0.640866094303
-0.768191553834 -0.310348386951 0.559969298564
-0.018976054945 -0.894087724314 0.447489721189
0.785304160981 0.567257440315 0.248024940586
