-0.487238411348 0.818267699256 -0.305019184415
-0.956471953787 -0.0150164512003 -0.291437656818
0.172921557546 0.437108364714 -0.882629261034
-0.735359194362 0.422723624335 0.529671211882
-0.412773098993 -0.436240747577 0.799570121316
-0.296311990535 -0.39617575398 -0.869047741049
0.170028628215 0.598722523609 0.782701479052
0.989966605643 0.125311426509 0.0652929253222
0.639515856348 -0.371093704402 -0.673282208314
0.40716486464 -0.909651718243 0.0821615755713
-0.536543723476 -0.84190013274 -0.0576628068314
0.53184174957 -0.286498595538 0.796908343644
0.440700507498 0.893530060129 -0.0859482072913
