-0.2987702987 0.31994404631 -0.899095165066
0.34364290232 -0.387258065936 -0.855535356401
-0.192025988434 -0.967575261337 0.164085750187
0.28186925428 0.879093516031 -0.384375224961
0.642887537789 0.612333724889 0.460155433651
-0.424571943362 -0.333837582461 0.841600340688
-0.56637531796 -0.55217278726 -0.611820408466
-0.268750519884 0.605270341946 0.749280302172
-0.989921881528 -0.0892096617229 0.109983202022
0.529145426065 -0.273095363259 0.803382873007
0.92428251269 0.171891375054 -0.340815480747
-0.630701429819 0.766503857892 -0.121192170793
0.707213529363 -0.706343000244 -0.0304727729481
