-0.54789264309 -0.274522908336 0.790222009594
0.743218197607 -0.630938572271 -0.222583082842
-0.155624503337 -0.898774361783 -0.409860537942
-0.909247375091 -0.407428871288 -0.0852697234154
0.957845270116 0.193268017296 0.21255566802
-0.753241437673 0.449607161312 -0.480084093748
-0.174798257236 -0.128313209077 -0.976207605811
-0.642674262194 0.616259804592 0.455185287502
0.15188810491 -0.855664089533 0.49474131571
0.0917747817984 0.895375381012 -0.435752586342
0.291366285328 0.817750603548 0.496376508481
0.36651527429 -0.0314574363059 0.929880090879
0.683634408077 0.193499171458 -0.703705951899
