-0.121106063013 -0.360247970283 0.924962010792
0.982001070392 0.0829807141642 0.169670559693
-0.992781384918 0.0785955841266 -0.0905972180374
0.110325730444 0.52182427154 -0.845888682294
-0.487382445616 -0.224813139928 -0.84375198004
0.552304315887 -0.748241757148 0.367551650129
0.485601572811 0.873290301931 -0.0394355301231
-0.573734187407 0.44764894339 0.685885927602
0.690323914694 -0.222197942918 -0.688535378151
0.374477301007 0.449754524951 0.810856102103
-0.625402033394 -0.750856933021 0.212335024811
0.0598207771141 -0.896599205768 -0.438783931841
-0.462609914305 0.871184727802 -0.16440570924
