-0.361145036092 0.904856278483 -0.22540935694
0.58628986464 0.774633646921 -0.237079960517
-0.978801121568 -0.180528096696 0.0967366048618
0.358055907928 0.638119950527 0.681614917338
0.550151734603 -0.293430677342 0.781812961333
0.27822865064 0.202569025812 -0.938911395045
-0.399747955157 -0.395286645868 0.827012720547
0.997429578059 -0.0641673225846 -0.0318871686659
-0.588879793167 0.519000552095 0.619563569075
-0.464019615194 -0.745963531809 -0.477728171586
0.115033602486 -0.960722027648 0.252547927908
0.4832243667 -0.658597412236 -0.576839371076
-0.655807114337 0.153833812135 -0.739088754501
