-0.975287216684 0.148309446726 0.163765542728
0.600174065272 -0.730696920854 0.325381470324
-0.183826288598 -0.968477085133 -0.168107201491
-0.710112802888 -0.316326304909 -0.629028994561
0.141261448055 0.989956019833 -0.00568173304514
-0.554018716914 0.624034924536 -0.551038723022
0.932722351108 -0.126830546804 -0.337554481737
0.236195643231 -0.119188249788 0.964368072487
0.206037035158 -0.4484375464 -0.869742782162
-0.343837333452 0.601345139362 0.721221125239
-0.53771073463 -0.566610935101 0.62435503849
0.362131085146 0.491923682791 -0.791752592342
0.794047518121 0.437259110689 0.422247568478
