0.0962256960934 0.230383767042 -0.968330488674
-0.779676497961 0.225217191937 -0.584278850364
0.598901051979 -0.250386092335 0.760673605894
-0.00367390755551 0.483420979215 0.875380294077
-0.138093225674 -0.822840094933 0.551239003695
0.135691959484 0.93622179667 -0.32415496228
-0.63614359486 0.74336890636 0.206697836892
0.758776214523 0.575348794003 0.30533984593
-0.776117016387 -0.616866352798 -0.130836843667
-0.0312607112265 -0.686192527055 -0.726747950632
0.884107642525 0.0248120205006 -0.466624088607
0.618802737937 -0.784886402361 -0.0321948273966
-0.740668244671 -0.0890330547405 0.665945693356
