0.591914242954 -0.0683743088109 0.803095562734
0.667447238267 0.7025245757 0.246927934159
0.988115137058 -0.140992821404 -0.0612331628161
-0.355665868418 -0.523655045262 -0.774136411503
0.410277332808 -0.856303656176 -0.313714135167
0.210452182649 0.78235835652 -0.586195599439
-0.932665254237 0.266662729636 0.242953724323
-0.750353610148 -0.655700212737 0.0838253586552
0.0534509489048 -0.820014300443 0.569841682514
-0.256272828464 0.938713015456 0.230525729593
-0.351978955463 -0.0380754181835 0.93523316742
0.48581034214 -0.085404722622 -0.86988179934
-0.64921639434 0.376518299638 -0.660872183828
