0.314791125844 0.937669583928 0.147249103447
-0.83204726875 -0.231933331266 0.50388914695
-0.490894846859 0.800420144026 -0.344020119129
0.233699172842 -0.662075542991 -0.712067884395
-0.150302645383 0.170598827046 -0.973809609216
0.933298315098 0.224222563155 0.280496875574
-0.491455015745 -0.86175464918 -0.125900326114
0.260752535758 0.154714240215 0.952927919084
-0.474247975277 0.647056534241 0.596998073232
-0.0334433330426 -0.715678648371 0.697628565744
-0.900670658794 -0.0562346975164 -0.430848027944
0.716798861869 -0.688604252363 0.109652064511
0.746347830039 0.139637230865 -0.650742929545
