0.210762124557 0.822007983997 0.529038941003
-0.338492058955 0.148959121778 0.929104034037
-0.370397951843 0.635008845883 -0.677915277097
-0.943665375749 -0.0457667780332 -0.327721010376
0.318965475424 0.0292620771546 -0.947314497054
-0.302111899048 -0.65277668782 -0.694702091757
0.526446875931 0.764534287881 -0.371942212551
0.108354257108 -0.988963099482 0.101051189151
-0.686082739551 0.692482579665 0.223065800495
-0.694201622923 -0.581392634325 0.424342681667
0.924138850744 0.223987962274 0.309510544736
0.811795539902 -0.491902317394 -0.314674612158
0.419705814961 -0.420518234987 0.804370215095
