-0.201338984095 0.350465419336 -0.914678415255
0.353088799625 -0.507870994276 0.785745094005
0.977459155265 -0.112108200621 0.17890039447
-0.592757955113 -0.479962430949 0.646741116312
-0.350617302477 -0.577428782059 -0.737321848892
-0.637157778331 0.752974990644 -0.164495072805
0.585621319899 -0.60146992585 -0.543398194676
-0.490151171929 0.466717963966 0.736156349404
0.465439574951 0.441735049902 0.766965545352
0.707580252188 0.344268676814 -0.617097451686
-0.976825195566 -0.141083484497 -0.160959584086
-0.0387490336919 -0.997232697244 0.0634465123943
0.285335066659 0.958266903943 -0.017562475401
