0.282822169025 0.924840067808 0.254327485115
0.365815910053 -0.62809180276 -0.686789201472
-0.198042534127 -0.234405145933 0.951752794709
-0.364865997208 -0.0651890307143 -0.928775104294
0.845209373794 0.421535274947 -0.328525686099
-0.536738821539 0.587175920034 0.605917384126
0.0134798480537 0.763195400401 -0.646027146878
0.632139619342 0.18975648264 0.751260260465
0.895503005295 -0.43727720726 0.0828432949487
-0.826639211278 0.478585267736 -0.296013100864
-0.503598786047 -0.797020758194 -0.333385923069
-0.915084669087 -0.241208561524 0.323169426539
0.125541899083 -0.91943410441 0.372666283988
