-0.767213771932 -0.281223817002 -0.576451379484
0.466713782227 -0.496376131305 0.73197608004
0.542264718216 -0.82418085673 -0.163324495343
0.380308653475 0.512156933629 -0.770104280879
0.121791484463 -0.398085088957 -0.909227747191
0.151541201225 0.988073131681 0.0273267411385
-0.478030306352 -0.363631136696 0.799537005169
0.669492138469 0.429749580014 0.605884126715
0.978603690018 0.0259199842253 -0.204115095722
-0.950447506211 0.226173787457 0.213295465973
-0.260598815367 0.567554756011 0.781005669863
-0.390098421344 -0.920381211354 0.0268634966211
-0.53830750436 0.646692143132 -0.540383477506
