-0.98953626193 -0.122317043951 0.0765279496902
0.387552200899 -0.316175116564 -0.865931052246
-0.426780044239 -0.521371273525 0.738938961608
0.505130311126 -0.316054922912 0.803089443639
-0.420883012138 0.542969078015 -0.726665033157
-0.627813653226 0.756714119263 0.182301285052
-0.181101063043 -0.981461331984 -0.0627380170579
-0.554684449392 -0.404038668747 -0.727377423185
0.727773474208 -0.683902208271 -0.0512205013866
0.962972424038 0.219589613551 0.15641135561
-0.145768408783 0.375671331863 0.915217253671
0.312073742164 0.911315899751 0.268539215595
0.526739842642 0.59418315818 -0.607858135348
