-0.304323957136 0.531333814093 0.790614512335
-0.0893600193135 0.995936744709 -0.0111708319971
0.737235250191 0.612726135208 -0.284694343302
0.199147538332 -0.966832602656 -0.159921782189
-0.682165945151 -0.652128572978 -0.330723370178
-0.202795814389 -0.718194048396 0.665635911377
0.8447618716 -0.321563275333 -0.42775511715
-0.898074042344 -0.11542313286 0.424429634767
-0.029569287453 0.537666807907 -0.842638748762
0.630461744316 0.434039681081 0.643527423038
0.0306297920171 -0.409168911375 -0.911944415962
-0.821392462516 0.472488785123 -0.319482034635
0.70806576364 -0.502531137756 0.496090042177
