0.793749669195 -0.559530332939 -0.238510522147
0.520821619671 0.679732961716 0.516437741882
-0.294384180335 0.347461430255 0.890285633296
0.708331036064 -0.246863170204 0.661306070247
-0.848220464655 -0.517936505859 0.110742129469
0.859617807722 0.390234299908 -0.329809666055
-0.173767763641 -0.595391187433 0.784419593232
0.0809058353565 -0.483498573391 -0.87159817309
-0.143097454077 0.984558993336 -0.100830091134
0.0799104362162 0.472896389855 -0.877486938163
-0.88760702262 0.437035503052 0.145443262024
-0.0409003020463 -0.996447526516 -0.0736172003901
-0.726414376597 -0.00498758630832 -0.68723887947
