-0.274239171197 -0.66452832683 0.695122276885
0.205518664372 0.905374707554 0.371562535136
-0.911603035031 0.263306314615 0.31567339325
0.606501389098 -0.724660048398 0.327145043182
-0.193654768255 0.254460767491 0.947495408189
0.0427795389603 -0.904535616098 -0.424246662045
-0.462232768148 0.831136539579 -0.309116354512
0.460761275224 0.712136669024 -0.529679536971
0.337923407456 -0.147984284249 -0.92946674083
-0.594584316653 0.0232990405942 -0.803695617195
0.718682043171 0.158343459135 0.677069767286
0.973924606962 -0.0348946160536 -0.224172312575
-0.800557571111 -0.590846081993 -0.100042404666
