0.280436637456 -0.827415744159 0.486557785562
0.95730433832 -0.251769868785 0.142057513021
0.441721344116 0.0174136287733 0.896983288409
-0.484025793544 0.236973468558 0.842355391972
-0.625310587116 0.777220638735 0.0701052663216
0.622219331495 -0.22539293718 -0.749694022508
-0.647909294459 -0.615392827468 0.448893321463
0.764320006619 0.585645438148 -0.269878395317
-0.0751641361069 0.705470183678 -0.704742628613
-0.312715958611 -0.189332718233 -0.930785609599
0.233536021691 0.847227933276 0.477143328204
-0.19712366954 -0.922207591162 -0.332679151302
-0.96653950166 -0.0526048608988 -0.251065968106
