-0.630351722219 0.168771779658 -0.757741903742
0.140814472756 -0.701315148197 0.698804942149
-0.577669230735 -0.812591662587 0.077414790297
-0.991632304693 0.0485592238904 0.119613435966
0.589961936253 -0.795138456287 -0.140355794702
0.966256120973 0.0778248414628 -0.245545113438
-0.517206740921 0.850407687258 -0.0964569987014
-0.13050823211 -0.646608781596 -0.751574803273
0.422892937359 0.864459895468 -0.271791561051
-0.437139795727 0.0340200826586 0.898749927938
0.30974796362 0.182823947488 -0.933076418767
0.105132023549 0.772992939608 0.625643007586
0.730491353807 0.0514732906996 0.68097935531
