0.814339460841 0.27063766563 -0.513426232734
-0.462981384902 0.461899655571 0.756503103376
0.0739716785675 0.875078215826 -0.478295209005
0.17389124083 -0.222179091144 0.959373904076
-0.562775893442 -0.678718502651 -0.471830995082
0.910582611993 0.0446509376802 0.410908262876
0.359983117155 0.826365047119 0.433050764073
-0.778764753209 0.612935247785 -0.133550893601
0.298885113203 -0.469946197781 -0.830552984642
-0.238067898215 -0.883124712689 0.404245491846
-0.412946898274 0.16550022222 -0.895591723751
-0.928593674576 -0.231283448261 0.290209844937
0.628247552055 -0.777906602555 0.0128969391152
