-0.807328715266 -0.21045049508 0.551299314917
0.256733590505 0.751903683607 0.607230363276
0.949938668154 0.25397742917 0.181967008599
-0.0987991845141 -0.246983502231 -0.96396984951
0.639431748708 -0.603220775702 -0.476709276713
-0.683813637607 0.413068715417 -0.601475806136
-0.233515529028 -0.92704795463 0.293347213247
-0.787744714828 -0.502553676828 -0.356227548299
-0.64702760465 0.697512291013 0.307947857123
0.624697595634 0.320771768321 -0.711939875732
0.0419179262965 0.953082442856 -0.299794503911
0.642975276104 -0.599326288974 0.47685510762
0.0274541236641 -0.0882259849299 0.995722073009
