-0.867810612378 0.3133375675 0.385647909158
0.228272716392 0.430986065815 -0.873007776611
-0.100222850696 0.278646644085 0.955149950499
0.759041497573 -0.0109298438002 0.650950492339
-0.0806167195024 -0.84150987017 -0.534192926706
-0.833773658873 -0.551711752687 -0.020871696522
-0.51212102871 0.773363206516 -0.373686235712
-0.246209398008 -0.639034709293 0.728708153276
0.851834822669 0.501496800874 -0.151256053111
0.530182226842 -0.823578159329 0.201558482376
-0.581089004448 -0.0747225391646 -0.810402437712
0.137440270563 0.941442382877 0.307890259265
0.728745032827 -0.335801258133 -0.596798284319
