-0.429750062278 0.784418588994 -0.447216235408
0.184765332172 -0.769702594708 -0.611080753851
0.663894762188 0.0469144611603 -0.746352984903
-0.562111758972 -0.826898421602 -0.0164125189288
0.389631731197 0.214506333421 0.895641751465
-0.266068156055 -0.00356867415294 -0.96394761315
-0.158927777012 -0.564274693869 0.810145685388
-0.765409385964 0.151804822411 0.625382896929
-0.954068442254 -0.00172509870561 -0.299583763794
0.500212880023 0.834901766834 -0.22962167667
0.592929349305 -0.764196857438 0.253846311406
-0.156124881937 0.871390636307 0.465084272146
0.982708844088 0.103413124831 0.153587282561
