-0.253281686241 -0.604902991305 -0.754944208882
-0.283653414211 0.337457454295 -0.897587437049
-0.265095596083 0.949695229009 -0.166743206565
0.636936240036 0.766496432335 0.0824344912466
-0.352747849676 -0.291955073648 0.88900573087
-0.783609669197 0.433609351285 0.444903154427
0.081200888579 0.554961542314 0.827903437755
0.946097969066 -0.107559660353 0.305498858252
0.635210811755 -0.653223636044 -0.412075364396
0.648882075759 0.249577718447 -0.718792747747
0.329844393737 -0.814828623041 0.476714789988
-0.555640034068 -0.8222871284 0.122914730643
-0.935873896599 -0.0820293765059 -0.34265322274
