0.505380826175 -0.35622826058 -0.785933614817
-0.566650086377 0.577982838121 -0.587233785172
-0.447038155435 -0.33672547569 -0.82871758857
-0.454470856128 -0.276919014382 0.84662394273
0.965938828841 -0.255187175766 0.0429148489565
0.385278564422 0.170861223475 0.906844457506
0.345896905154 -0.728246427707 0.591618518588
0.37809310376 0.586261393668 -0.716479715821
-0.893495713746 0.351505779616 0.27948004654
-0.170999863266 0.967123988421 0.188229216072
-0.00801322664197 -0.965150242259 -0.261573695288
0.73182650123 0.660988489427 0.165904155891
-0.826551312017 -0.562621892922 0.0164174970135
