0.411730144562 -0.105601996846 0.90516656275
-0.480298073219 -0.669102492426 -0.567111642882
0.968089041473 -0.211478101917 0.134464196679
-0.252674872661 0.176666409001 -0.9512856504
0.651260994051 0.656918528249 0.379890990773
-0.477574759497 0.241134306458 0.844853002208
-0.250391593614 0.939810624213 0.232508151391
-0.0840650595946 -0.837439656044 0.540025821827
-0.882610050551 -0.394341528183 0.255918459311
0.332240320163 0.792452517076 -0.511503057507
0.409446913706 -0.868746264196 -0.278627265898
-0.873807768014 0.409471466961 -0.26228439203
0.649068301796 -0.0759441226361 -0.756929871151
