-0.320958792376 0.907541354097 -0.27083970204
-0.46457791163 -0.88424055906 -0.047812108699
-0.883116901633 -0.173262074575 0.4359871461
-0.873013005908 0.150755356078 -0.463811507111
0.205933650559 0.404882849782 -0.890876652247
-0.238321822336 -0.441693246202 -0.864933399319
0.363906790966 -0.827943743276 0.426709509455
0.77432793037 0.0110164032838 0.632688624133
0.445482924769 0.844326883392 0.297753384063
-0.0943687738623 -0.193590303551 0.976533321956
0.926064917127 0.252859739072 -0.280117335458
0.614368764989 -0.630113113982 -0.474877335944
-0.423213751803 0.639720222873 0.641598127126
