0.171352978709 0.734836054743 -0.656242431832
-0.274761174652 0.947674076566 0.162542737485
-0.142987431134 -0.607931854248 0.781007973793
0.58732482257 -0.114081618407 -0.801270826334
-0.570685504918 0.150621530349 -0.80723677386
-0.95669529828 0.285379642644 0.0573808836982
0.985060812818 -0.158475551774 0.0673846758562
0.657592452197 0.734552546911 0.167346116299
-0.157402551213 -0.704200914429 -0.692333379947
-0.758149516831 -0.650168659624 0.0499001420056
-0.425694862651 0.302930676682 0.852652853767
0.506658703578 0.0898091835082 0.85745627798
0.399860722381 -0.914871785306 0.0558660822627
