-0.862520430364 -0.336158577386 -0.378227336472
-0.719522079086 0.604895913025 -0.341158192212
0.345966870512 0.930715508834 0.118640491082
-0.880247494283 0.115630227985 0.46021082037
0.709400129501 -0.701214412088 0.071061976778
-0.10932942442 0.519585267521 0.847394965014
-0.109869683329 -0.265519589291 -0.957824618805
0.766013225 -0.0688869662457 -0.639123090654
0.134781861472 0.633939551775 -0.761547434185
0.403032554753 -0.283139525734 0.870285452467
0.945095273042 0.203007905797 0.256091224095
-0.136272575432 -0.946560544015 -0.292323317064
-0.405378036696 -0.700254994712 0.587632189167
