0.469638501002 -0.77808046534 -0.417169591213
0.82317059907 0.355701366226 -0.44256830308
0.213270785067 0.975954750654 -0.0450321764178
-0.419942581828 0.617067063132 -0.665489644972
0.531637176559 0.472270923872 0.703080427096
-0.654666086834 0.710921186627 0.256911232049
-0.379533145496 -0.925174913658 -0.00244348283301
-0.939306823696 -0.201925178404 0.277360619564
0.178105076746 -0.661510909065 0.728479168422
-0.704583345719 -0.295779303012 -0.64504024126
0.161290994999 -0.0723422230135 -0.984251907644
0.9226025874 -0.281781224561 0.263446023329
-0.327553351132 0.123122060295 0.936776259536
