-0.716635842382 0.172286755337 0.675833073583
0.990713757272 -0.0605752392414 -0.121724654625
0.111124763085 -0.436925138179 -0.892607254428
0.482737546472 -0.866384615186 -0.12783645722
0.484055459072 0.429859745387 -0.762175118879
-0.322090142884 0.91762148939 0.232870655228
0.175657793938 0.432577752571 0.88431941481
-0.294936638345 -0.681841076864 0.669406547072
-0.446388293037 0.605792510425 -0.658599215117
-0.975662194258 -0.0494072209058 -0.213640373566
-0.461409473436 -0.850269146813 -0.253266017856
0.611976255156 -0.390999433137 0.687462367269
0.613168592028 0.781747104848 0.113559419742
