-0.76695358362 -0.628139663356 -0.13123552831
-0.275693232347 -0.344042828872 -0.897567698583
-0.510887159092 0.549342892979 -0.661223635851
0.438069375342 0.638653827916 -0.632626675438
-0.560813256717 -0.34106109969 0.754430790311
-0.28152480903 0.943204133624 0.17637954591
-0.953840940816 0.26822490128 0.135066139192
0.964325812188 -0.177168122827 0.196690579848
0.216471631579 0.17119172957 0.961162537997
0.655185632617 -0.287531552584 -0.698611045633
0.635746236391 0.712338045982 0.297323445363
0.11733448758 -0.953328762796 -0.278202961971
0.306051192903 -0.717104791933 0.626173605887
