0.164383183854 0.558732619933 -0.812893614373
-0.623058409033 0.0167842563224 -0.781995209495
-0.928874755894 0.366430950768 0.0540374516513
0.344045572989 -0.909827772804 0.232047554484
0.512482759065 -0.331838338757 -0.791987839927
-0.257089990614 -0.82287458907 -0.506736763408
0.714321051142 0.698496842711 -0.0429836784964
-0.791495555036 -0.561205270247 0.242040143376
-0.199941832723 0.979184647837 -0.0349383595325
0.578706639592 0.233137760462 0.781502021712
-0.118052942395 -0.410442224085 0.904212742379
-0.335556205736 0.513825712899 0.789547446045
0.975204976277 -0.218140617711 0.0372816999184
