-0.0756199154149 -0.841416469088 -0.535070045826
0.742647194251 -0.347680064184 -0.572358032912
0.17610242648 0.900487524362 0.397630675195
0.259793970023 0.129221000941 0.956979114744
-0.714805934773 0.553861662927 0.426954018546
0.10967366428 -0.909603024945 0.400741842556
0.863514162726 0.488712524415 -0.12451248633
-0.0420363878214 -0.00578736893663 -0.999099318616
-0.766865102921 0.385555103891 -0.51309373002
0.867347657645 -0.326484045029 0.375654374551
-0.557585277761 -0.327789750676 0.762661482819
0.078830592637 0.830605221041 -0.551253756852
-0.864926247827 -0.484962306491 -0.129283205027
