-0.225803020732 -0.712230460238 -0.664635815569
0.146988782021 0.537104316275 0.830610168129
0.358497711661 0.933429571475 -0.0137341118837
-0.728375507935 0.192886180005 0.65746790112
-0.894255902285 -0.44622857945 -0.0344446818857
0.977226689667 0.20672234498 0.047894353404
0.584046625811 -0.309803914612 0.750273998863
-0.648651513957 0.141590385031 -0.747799021334
-0.588158820651 0.806303539684 -0.0627997100575
0.366089267248 -0.928971940914 0.0546788935456
0.663770578716 -0.361099654337 -0.654992869021
-0.302363568989 -0.662970088904 0.684870012022
0.242079182465 0.475921567525 -0.845515423266
