-0.836128004899 0.341085082095 -0.429593908471
-0.752208540065 -0.183624739388 0.632822461151
0.904488980146 -0.097054273328 0.415307299266
0.836922554588 0.325407395875 -0.440080293051
0.139886873434 -0.386540376077 0.911601996653
-0.000829614109607 0.493294887341 -0.869861751006
-0.0852304862671 -0.459279573871 -0.88419343881
0.232349363448 0.96980817637 -0.0740666885433
0.299915810677 0.547346481808 0.781320891413
-0.560025305473 0.724404432492 0.402007307666
-0.0013111079147 -0.983989274249 0.178222863737
-0.771639135613 -0.592389373501 -0.231620108266
0.699082505273 -0.617649893759 -0.360266928209
