-0.75926793594 0.603479748147 0.243565997279
0.724213108928 -0.552379142124 -0.412786453512
0.194521910469 -0.283561427389 0.939017647994
0.618216643471 0.785895237466 0.0132987767512
-0.80470532469 0.121293721282 -0.58115159261
0.518120645092 0.296470880742 -0.802281754748
0.0423412880339 0.644239501134 0.763650889155
0.927048885551 -0.0450831620044 0.372220193303
-0.194187619883 0.851468091962 -0.487127556862
-0.0923970831523 -0.433703494001 -0.896305783936
0.168768016341 -0.951981071619 0.255439613096
-0.715939512446 -0.262658402749 0.646870294559
-0.65327149816 -0.734794553122 -0.182519353477
