0.599809106395 -0.785371134801 0.153039918018
-0.516215148495 0.856399833685 -0.0100620738126
-0.25438638876 0.490083448583 0.833730039424
0.488649381193 -0.461962091527 -0.740143775392
0.937794624951 0.0905996397131 0.335161075749
-0.641632397512 -0.369380736169 0.672209593959
0.725226395816 0.440409463361 -0.529231687821
-0.992074283222 0.0342084950661 -0.120906556622
-0.326507888018 -0.944898879012 -0.0236369943962
0.401924437704 0.878912329362 0.256845992128
-0.176916989908 0.517145301356 -0.837413348334
-0.463869377454 -0.394143761426 -0.793395170133
0.281483754813 -0.298229290442 0.912045057055
