-0.973321756496 -0.225793497239 0.0407683079871
-0.707505980631 0.680810100164 0.189559739623
0.570412104575 -0.524008178494 0.63249147016
0.774409305538 -0.556305163296 -0.301354928259
-0.313361708763 0.213773579088 0.925259583233
0.894934844011 0.388883129313 -0.218772797009
-0.371251893166 -0.690887616833 0.620359841324
0.3635785572 0.0349726819817 -0.930906839732
-0.519860065813 -0.306281349204 -0.797456736822
0.183378417376 0.982896347227 0.0169448118689
0.586763449618 0.430786341195 0.685661565521
-0.347977830505 0.628985931242 -0.695189274786
-0.0895479737803 -0.963575242866 -0.251999824858
