-0.417939766983 0.126000058936 -0.899694579467
0.266019076355 -0.92753877817 -0.26249888763
0.952350572688 -0.303591736117 -0.0293333336465
-0.0517245474521 -0.777305736851 0.626993112123
0.770178779861 0.610902679863 0.183364562519
-0.641250645073 -0.656530864141 -0.39719621678
-0.867513368277 0.47929788674 -0.133019140079
-0.277987336179 0.358523010257 0.891170181301
0.295531208969 0.70814267722 -0.641245080468
0.47770307699 -0.206351739924 -0.853943048256
-0.847010854672 -0.274592540868 0.455161013892
-0.113379065028 0.977023146624 0.180474260142
0.570579749081 -0.0765156553435 0.817669923885
