0.317490425476 0.393200493938 0.862898140743
0.350033094258 0.933498426877 0.0778300709334
0.46531759837 -0.856611954477 -0.222924857507
-0.578844698167 0.809459637073 -0.0985591769118
0.960621346768 0.208695168179 0.183447417294
0.715141464207 -0.0670960742448 -0.69575196945
-0.180625676191 -0.281875982035 -0.942295227544
-0.39582208071 -0.609563027831 0.686846267751
-0.621655591399 0.316412339102 0.716538594457
0.552044737231 -0.508686778121 0.660669637459
-0.488072780881 -0.840955509805 -0.233621041629
-0.995522237526 -0.0480935242357 -0.0813786674673
0.0642861858703 0.624954347704 -0.778009864714
