0.803552373538 0.426665882511 0.415041934849
-0.095841911572 -0.336308294069 0.936862348121
-0.116609263039 0.202035922367 -0.972411315158
-0.836695463619 -0.517165537505 -0.180223494518
0.713995030545 -0.524283745249 0.464044880183
-0.0574702847914 -0.712613936236 -0.69919850132
-0.0565970390558 0.608217644058 0.791750006395
-0.836276170069 0.117044939104 0.53567028068
-0.0962612435601 -0.970518770038 0.220968527152
0.803031593664 -0.361041995951 -0.474119116612
-0.116088495302 0.989743829787 -0.0832503012393
-0.828062281535 0.419887480299 -0.371493420919
0.632968042606 0.579302941391 -0.513575271149
