-0.961281847395 0.180896829509 -0.207878683233
-0.103539661326 0.796283912718 -0.595996198712
-0.239786951884 -0.780128277687 0.577842615302
0.773868078643 0.548595017979 -0.316499136026
-0.454277224575 0.0965614860649 0.885611699698
-0.47129657149 0.835356574314 0.28294687744
0.949140325538 -0.308493625122 0.0629628914297
0.432236205011 0.707162710643 0.559546927213
-0.37799905417 -0.055962597623 -0.92411303568
0.549003053146 -0.241934646902 -0.800039545438
0.453716880059 -0.194310624721 0.869703612658
-0.639924119689 -0.713569272029 -0.285159630831
0.283505839016 -0.937081552545 -0.203721876891
