-0.334825078116 -0.137781595588 0.932152562075
0.262095230583 -0.785858491072 0.56011831082
-0.513143600709 -0.858289881579 0.00470364004652
0.125886472965 0.674885353119 0.727105464201
-0.577156610309 0.811298877261 0.0931900151939
-0.720726988537 0.231193081939 -0.653530693127
-0.973033756805 -0.0492496964691 0.225343683107
-0.173118760189 -0.533265670007 -0.828044455367
0.619269889949 -0.715089448139 -0.324271313198
0.33458811705 0.926594387696 -0.1716788648
0.797588466857 0.0054189020766 0.603177646333
0.925801533245 0.190869337884 -0.326282725403
0.191017735639 0.346488604936 -0.918399625066
