0.880419722106 -0.33593753171 -0.334674599748
-0.218746460766 0.842271564131 0.492674941679
-0.932182026305 0.351462036656 0.0866666407754
0.745057340348 -0.27018875234 0.609825874904
0.109006642743 -0.932868793569 0.343326908097
-0.78658502049 -0.434008760236 -0.439227050146
0.0844795482034 -0.793580796804 -0.602571759112
-0.0718291575734 0.0427088744608 0.996502144586
-0.165494014121 0.0466009363629 -0.985109173655
-0.713887663654 -0.476123001114 0.513489329484
0.579620788778 0.524813676894 -0.623386193112
-0.311090983995 0.83207179327 -0.459215559972
0.699583997945 0.639640219132 0.318500580673
