-0.268681852315 -0.88370570551 0.383241814376
0.342629694174 0.739914659107 -0.578905164867
-0.0239573448255 0.960738866695 0.276417936558
0.34177215585 -0.337603938459 0.877049242758
-0.594819453736 -0.642630383188 -0.482924433075
0.63011531518 -0.772804361503 0.0756842679675
-0.337454789076 0.164468973218 -0.926862569197
0.938093722903 0.0289163237889 -0.345172439902
0.303977683452 -0.531729084635 -0.79048197229
-0.933776396414 -0.202051180384 0.295359039145
-0.773702428172 0.602171978877 -0.196909777554
0.747702233396 0.440491975182 0.496898571113
-0.368630065999 0.302749305367 0.878894039428
