-0.518953514151 0.726345001297 -0.450677478072
0.743571948894 0.464697890342 -0.480787507667
0.00445638187088 0.13551938459 -0.990764672897
0.204193522377 0.970850106732 0.125519224336
0.714471160811 -0.615482890691 0.332733784934
-0.656143247829 -0.442631424122 -0.611190200108
0.633115843934 -0.47648486101 -0.610021725341
-0.0258468025617 -0.989294007788 -0.143629067223
-0.555097424576 -0.615270967776 0.559739658627
-0.9896597225 0.102346600325 0.100492820956
0.173890360274 -0.153963200904 0.972654859326
-0.417907720791 0.553705495361 0.720252290042
0.824927383427 0.325699895056 0.461967953903
