-0.40255686137 0.913302481878 -0.0618591137909
-0.531304169943 -0.703795968699 -0.471579381911
-0.773009020683 0.212952791004 -0.597585276548
0.113140163106 0.308300383072 -0.944537017427
-0.94650937709 -0.21668811632 0.239094666033
0.462446905916 0.57211790289 0.677365458524
0.530361496309 0.811241347916 -0.246179119065
-0.48014957431 0.434137968056 0.762220841346
0.978143850466 -0.0328841712265 -0.205312539992
-0.25006537868 -0.49138747837 0.834269532278
0.677432496727 -0.359146772887 0.641949225331
0.165139807647 -0.978495277485 0.123595452465
0.384573024675 -0.580331903605 -0.717856859235
