0.642979123948 -0.0590063370004 -0.763607293287
0.493835487622 -0.703945470021 0.510477508223
0.161094365825 0.0529788928894 0.985516028387
0.905541669751 0.148704121233 0.397342885518
-0.2696263533 -0.287759688513 -0.918964630045
0.286616477072 -0.867874262974 -0.405765028974
0.596675422517 0.755646881863 -0.270141129956
-0.406369147453 -0.879074201678 0.249183996161
-0.232934774453 0.645629327884 -0.727257974742
0.0445275130308 0.865126742271 0.499572837923
-0.729838090129 -0.0909207715835 0.67754688066
-0.937057146973 -0.254849523511 -0.23869567167
-0.770107956706 0.635033164762 0.060552577743
