0.0452932436009 0.955483895476 0.291545961335
-0.735791333206 -0.524730041082 0.428099869149
0.319412155428 0.276184650692 0.906475545002
0.622921647901 0.664398277878 -0.412969186416
-0.289429155781 -0.898203022979 -0.330850560367
0.626322423085 -0.775029503825 -0.0839612442784
-0.31564017077 0.757321333654 -0.571695443561
0.520870161787 -0.189039300149 -0.832441239704
-0.607106407194 0.384512099772 0.695393597521
-0.432281834119 -0.136516543263 -0.891344854311
-0.968039764372 0.18634947928 -0.167847806556
0.969159946469 0.0570844148949 0.23972978066
0.158860623923 -0.652079311751 0.741320358114
