0.465466347783 -0.752464968717 -0.465980203373
-0.159113508511 -0.224155868159 -0.961476488625
-0.0917286398774 0.188896663962 0.977703383941
0.777222462939 0.240434889909 0.581477692451
0.546984122348 -0.682762445617 0.484400467335
0.255471986367 0.611164167247 -0.749141124792
-0.395535418074 -0.654492903843 0.64435298701
-0.471701152473 -0.831873858233 -0.292376310163
-0.673362953198 0.477646475791 -0.564301495147
0.935227171077 0.0720409506145 -0.346641370747
-0.985950649287 -0.130071456247 0.104798537397
0.296514376149 0.94369994531 0.14666164447
-0.605529739113 0.70913615342 0.361191986294
