-0.305000619175 -0.423016146591 0.853247890138
-0.224526049349 -0.05870553737 -0.972698161325
-0.23688212566 0.79986001022 -0.551462439876
0.407763288071 -0.835964719114 0.367276584196
0.975873060248 -0.0846914847992 0.201243938257
-0.920908819318 0.160923308699 -0.355007936841
0.686232682029 -0.176639947306 -0.705608273145
0.0146154382187 0.932157061432 0.361759038295
0.0403487076714 -0.855925236975 -0.51552300676
-0.723425646118 -0.689486774941 0.0355432373244
0.392416693945 0.230398809115 0.890463658479
-0.738772265536 0.376876680083 0.558730263799
0.673876628834 0.681925607702 -0.284372563149
