0.456744614359 0.520055266596 -0.721752642489
0.386279914964 0.780356632145 0.491763514266
0.680764927933 -0.55490390175 -0.47816396008
0.121005228916 0.0134509838614 0.992560731446
-0.229154552355 0.948927317139 -0.21685280243
-0.946005677862 -0.203114616777 0.252621673464
-0.539511663931 0.583192087534 0.607300710949
0.978323429221 0.206707029191 0.0124688379598
-0.7828722516 0.256055821776 -0.567050662471
-0.0710522428677 -0.234502074806 -0.969515526278
-0.492284510101 -0.804726667707 -0.331769425048
-0.254301106192 -0.765685780023 0.59080981175
0.671490487011 -0.568521296322 0.475272618065
