0.416439702466 -0.455518433928 0.786816961283
0.225031327784 0.759950828489 0.609783272807
-0.837663708153 -0.442172725088 -0.320628746734
-0.360540790572 0.0785945499273 0.929426293503
-0.273712526155 0.94448437971 -0.181743526732
-0.0369257965643 -0.566359529203 -0.823330656073
0.598548925407 0.664870085909 -0.446863460979
-0.434267005076 -0.760591340314 0.482610589752
0.930595529999 0.191944782111 0.311687600277
0.813780843484 -0.261286673279 -0.519124275241
0.347958439204 -0.936912038887 -0.0334776937005
-0.914048209243 0.351464173507 0.202456923618
-0.47936211669 0.278319170377 -0.832316286326
