-0.0677555970056 0.975986388799 -0.207025959612
0.707805299842 -0.501518379692 0.497484645337
0.762546251432 0.452674451461 0.462178596889
-0.129611838623 0.696660455448 0.705595479793
-0.0729086703037 -0.219919622538 0.972789640887
-0.684447967534 0.375973063254 -0.624640084726
-0.903210478168 0.303392343604 0.30358510828
0.766055831952 -0.453090982024 -0.455924362521
0.0934026418022 -0.994619350141 -0.0448140025948
0.0975515166522 -0.0317546546628 -0.994723752358
-0.688768282292 -0.626676777741 0.364519505031
-0.575101627282 -0.57328308934 -0.583613414663
0.712125645374 0.501131464341 -0.491675015277
