-0.303334184397 0.645713326008 0.700744370788
-0.314288904462 -0.936363884418 0.156349481899
0.236402091761 -0.0976996585775 0.966731000706
0.532021302154 -0.5938231769 -0.603595368298
0.378059026943 0.921504470134 0.0888869150691
-0.984657131562 -0.0130232104652 -0.174013589277
-0.417070936356 -0.559164769588 -0.716510010048
-0.524457745532 0.824514139727 -0.212415881095
0.917795299922 0.17809144727 0.354873532192
0.74712832387 0.337570343919 -0.572577968994
-0.13834686829 0.32951745145 -0.933958453693
0.599618205355 -0.723746955896 0.341538214024
-0.671967874119 -0.236803175495 0.701700386367
