-0.879088126486 0.258998516921 -0.400154762691
-0.0899032951226 0.348530296483 -0.932975899989
-0.773689482024 -0.630291161996 -0.0643244628081
-0.602279201098 -0.200483463561 0.772700553102
-0.016037017974 -0.888121202597 0.459329449907
-0.150958241802 -0.595067532879 -0.789370787745
0.0533885931055 0.973318057987 -0.223162757023
0.734731753935 -0.312998264132 0.60183165122
0.148489530263 0.374639531033 0.915202754142
0.781518496681 0.119251918435 -0.61237882009
0.618566198127 -0.747455042419 -0.242253623498
0.789890986609 0.567482440475 0.232456251855
-0.602364797833 0.684646293077 0.410385311272
