-0.517174670054 0.53671289964 0.666685551077
0.990105036847 0.132319756904 0.0467279139558
0.650472935392 -0.603441112715 -0.461241567736
0.549335558098 -0.28672037254 0.784870608814
-0.674163892612 0.419286992777 -0.60803080809
0.50443329069 0.558874300398 -0.658184299112
-0.0218295374723 -0.169684645962 -0.98525661237
-0.986171137442 -0.101740866061 0.130825394513
-0.120472914194 0.989776944276 -0.0763405365746
-0.528124251264 -0.74302850511 -0.411088087666
0.431754051943 0.649099411847 0.626305350585
-0.39959316072 -0.399106923266 0.825250852594
0.12440687826 -0.959198043609 0.253893760811
