0.24029342906 0.154110502049 0.958388763033
-0.632420471877 -0.179289289338 0.753591200506
0.589090145691 -0.0653836360521 -0.805417767612
0.131627141412 -0.745735877636 0.653109712415
0.932394085494 0.20158963547 0.300004813639
-0.359879260007 0.638159562735 -0.680616845741
-0.144778482739 -0.960685097218 -0.236903640577
-0.843150993993 0.52013148991 0.136233749609
0.527530711523 0.773767701458 -0.350706276791
-0.335359883196 -0.29355126699 -0.89518791457
-0.0165753797022 0.905132807001 0.42480567143
-0.908826138335 -0.394238574961 -0.136422125378
0.74808459643 -0.65957231167 -0.073032884803
