0.871338473451 -0.276027718457 -0.405682096386
0.620530285303 0.640388822106 -0.452597306159
-0.766955841064 -0.188958740287 -0.613248181675
0.11310380169 -0.194592261358 -0.974341511926
0.189792107997 -0.499922141748 0.845018821052
-0.862395438249 0.505346041413 0.0299914407063
0.337349609738 -0.94125454647 0.015333608797
-0.291927748008 0.628109659953 -0.721288045801
0.872383995476 0.0566390198211 0.485528769355
0.104019359445 0.446469605669 0.88873216667
-0.598671786092 -0.794635849553 0.100727151968
-0.664475907859 -0.0944632687824 0.741315357136
-0.0498711896682 0.991019426303 0.124069984809
