0.116184553948 0.00370705051781 0.993220724311
0.0838930368275 -0.98299709794 0.163336045665
-0.107259329884 0.908119593008 -0.404739720002
0.603540435967 0.349397157161 -0.716701171145
0.664196617714 -0.574763317004 -0.478006257746
0.790876213398 -0.408864036224 0.455351529002
-0.792358286965 0.257454687895 -0.553069099444
-0.676312811782 -0.663057506192 -0.320867144006
0.836938568524 0.510745265923 0.196654788537
-0.605022513514 -0.500806480015 0.618983543979
0.00822404443484 0.840181848255 0.542242406084
-0.0960092547882 -0.254823747814 -0.962209478516
-0.828013249816 0.401081405857 0.391826191066
