0.223838544979 -0.830979716055 0.509282846057
-0.669818134579 -0.49331408285 0.554963856707
-0.102535456801 -0.138098960112 -0.985096521826
0.349047355847 0.934034139019 -0.0758034994091
-0.323175078808 0.748703292471 0.578792923488
-0.407960801103 0.684369330271 -0.604323261631
0.0396336064907 -0.030223506817 0.998757086019
-0.962033095451 0.267456711498 0.0543988118531
0.701986746963 0.264978730816 -0.661060420313
0.899131207917 -0.435779138237 -0.0407383557189
-0.738082063126 -0.545111484263 -0.397603241706
0.15557452001 -0.882777231994 -0.44328425124
0.786772538474 0.32931264067 0.522055703348
