-0.638062772134 -0.76498962346 -0.0875601211466
0.532395753333 0.17862148174 -0.827435271241
-0.0634881016412 -0.565828946725 -0.822074731395
0.633887677953 -0.747740031367 -0.197664506756
-0.980813256135 0.085125721593 0.175382348353
0.451173224869 0.874077056446 -0.180088924021
0.551430093691 -0.0565701831461 0.832300826715
0.0482850478186 0.737722302044 0.673375347948
-0.398509385263 -0.0694528186981 0.914530795453
-0.671251092959 0.162298312481 -0.723243546786
-0.498766246808 0.861194440222 -0.097858914643
0.993709093704 0.111903246089 0.00446100931146
0.0596448471551 -0.826667967356 0.559519940623
