0.122820949979 -0.486928481975 0.864763359358
0.889764128331 -0.329998298663 0.315310828889
-0.762765109793 -0.241244937459 0.599991889472
0.524905186768 0.84913691426 -0.0586604274278
-0.427660628837 0.654224968204 0.623775662816
-0.407861363592 -0.552308747438 -0.727051687016
0.479597049463 0.39664798737 0.782724117593
-0.303301002088 -0.942579567201 0.139829401867
0.834500843335 0.0855841501388 -0.544319479459
0.463642161287 -0.785649309574 -0.409623130014
-0.956916576436 0.088293128251 -0.276613429258
-0.398067023084 0.863773488971 -0.308930420781
-0.00435073762544 0.283205079189 -0.959049505606
