-0.351165919728 0.897254693835 -0.267612614077
0.32028656098 0.487946040323 -0.81198841161
-0.320706942578 -0.213165528517 -0.922880010854
0.771779080507 0.635632700413 0.0181141121084
0.273037055029 -0.961374738391 0.0347761263624
-0.326117402318 -0.631614922102 0.703356261139
0.0323563108431 0.797229656401 0.602808380917
-0.73666361136 0.229579069841 0.636097613884
0.938563754136 -0.291178827071 0.18523760441
-0.944394694599 0.147509940057 -0.293869832404
0.583414318895 -0.423806385461 -0.692831783445
-0.631084245529 -0.750733955148 -0.195272127126
0.386281443699 -0.0320428763817 0.921824224203
