0.00261685763212 0.704015518314 0.710179767404
-0.677903838797 -0.531854846617 -0.507520253265
0.724925190564 -0.549581386277 0.415263492187
0.0184826931047 -0.998710534662 -0.0472827453843
-0.0239302607526 0.978329546916 -0.205666332321
0.682417710626 0.450305127199 -0.575787600285
0.841002167035 0.398481107989 0.365961967447
-0.0223380521148 -0.0384995830221 -0.999008905633
0.026770286253 -0.214280524207 0.976405248204
0.67404848457 -0.505355312143 -0.538771425503
-0.682889339428 -0.577175862371 0.447805955735
-0.725396737686 0.422710652842 -0.543245135209
-0.838162133059 0.365567940736 0.404776876084
