0.996933985052 0.0749944926401 -0.0223261174967
-0.759101446896 0.517314867798 -0.395158602178
-0.603065392826 0.586496841521 0.54067882043
0.322042402401 -0.942823759931 0.0858606357162
0.495787300279 0.498650439352 -0.711015254559
-0.470623307071 -0.779193238726 -0.413970529827
-0.00357364746211 0.9973159463 -0.0731309257363
-0.960328522166 -0.216232083373 0.176104558811
0.56760306235 -0.449669845759 -0.68965483644
-0.347193894022 -0.25530658579 0.902371845309
-0.244453262909 -0.0403345094276 -0.968821825519
0.589350947499 -0.311555857818 0.745384738334
0.329828973483 0.603429346334 0.726006799028
