0.0130395623798 0.856998598615 0.515153736067
-0.0110641773728 -0.94449297051 0.328345264372
0.564980995087 0.42573582977 -0.706785312836
-0.220913025112 0.884087669946 -0.411808726456
0.086890647874 0.0333558072042 0.995659281802
-0.151211322435 -0.782661872625 -0.603800901876
0.745216272346 -0.481030899877 -0.461802967503
-0.299779670716 0.0967883410828 -0.94908596347
-0.829820070482 0.510938637358 0.224366573893
0.766725832962 -0.412500102973 0.491909709313
-0.703152777932 -0.351399042312 0.618138240161
0.843170988683 0.496817756373 0.205511072197
-0.90868678618 -0.27636066672 -0.312910700541
