-0.666270396717 0.727183016512 0.165192672221
0.617403015553 -0.704023970406 -0.350946955366
0.718929884614 0.663494273936 -0.207159767963
0.412186349811 0.591633932187 0.692872068505
-0.825172037905 0.119316357463 -0.552136500063
0.444853166602 0.0609231105953 -0.893528978131
-0.890685527959 -0.370568735717 0.263359264871
0.943982259193 -0.103045162663 0.313495117634
-0.132207362735 0.770472026496 -0.623613718279
-0.416647176676 0.165117168834 0.893947118528
-0.23373423722 -0.5970461936 -0.767400905042
-0.174063761573 -0.979204730617 0.104210855697
0.248970620798 -0.513809868182 0.820982977496
