0.0664308989271 0.195136397262 0.97852374633
0.701853186417 0.597547685867 0.387735564311
0.627161226591 -0.49979447245 -0.597389555625
-0.226421175694 0.608610382456 -0.760478042789
-0.753642297148 0.392110318957 0.527515673433
0.69527144608 0.453365918964 -0.557724806502
0.889904413296 -0.336771211607 0.307660992377
-0.926868306783 0.0920349866425 -0.363929530424
-0.263861722697 -0.336222025523 -0.904064013689
0.0999401015112 -0.716294580663 0.690604119466
-0.107156088608 -0.972388360694 -0.207312442129
-0.128202098907 0.985273582501 0.113137922294
-0.770162680309 -0.544131356467 0.332822043693
