-0.175176574387 0.724004452524 0.667181175178
-0.0104873044171 -0.923044571131 0.384550043754
0.66747662863 0.272347502041 0.693038085797
-0.874983653061 0.480086508126 0.0626143081982
0.833702300749 -0.52046019876 0.184557999646
-0.12643178978 -0.18003646519 0.975500832257
0.773159857885 0.602384937056 -0.198384025978
-0.0354785740793 -0.823413433368 -0.566331694796
-0.0960209828423 0.299431758151 -0.949273718726
-0.826238863904 -0.423954402799 0.370933961941
0.679719577071 -0.203661680367 -0.704629843603
-0.789969044382 -0.235645575413 -0.566056597617
-0.112005055978 0.959746478163 -0.257568563859
