-0.576977487463 -0.419357204826 0.700882667585
-0.90148026637 0.184684415546 -0.391439645411
0.684732782088 0.634514127826 0.358514767789
-0.711474113967 0.503755985319 0.48993315096
-0.661877397466 -0.721745464242 -0.202489001108
-0.0983987203529 0.99352062756 -0.0568722642962
-0.0392424156095 -0.468190627544 -0.882755667836
-0.126826337896 0.484053355738 -0.865798723038
0.7638390667 0.34064558261 -0.548188350142
0.0696108014784 0.231864381002 0.97025421676
0.11723952058 -0.94500915573 0.305307370369
0.763827833939 -0.293787554638 0.574678965023
0.734329515882 -0.590987328261 -0.333907382278
