-0.987839773547 -0.026399863072 -0.153217587201
-0.661560383589 0.349542488945 0.66344397449
0.81098369363 0.336242310629 -0.478796989558
-0.546453710069 0.822044645763 -0.160096668061
-0.206964108598 -0.468978274691 0.858618212956
0.925004529146 -0.0923902355151 0.368552120387
0.266687354972 0.361179076669 0.89354772076
0.400306253044 -0.882638878199 0.246380832179
0.519755980728 -0.55932176258 -0.645765349335
0.360382786675 0.92423641337 0.126139998688
-0.0448658746748 0.457304999637 -0.888177454452
-0.533243479867 -0.844920722942 0.0419566814909
-0.412834909646 -0.421773389765 -0.807263615595
