0.573824299064 0.797638708642 0.185736814553
0.322473444113 -0.00139139766484 -0.946577488563
0.96917684961 0.0396930238426 -0.243147482073
-0.59963613799 -0.190528863419 -0.777261380888
0.489837781067 -0.771899887078 -0.405252405999
0.251876023024 -0.81616827234 0.520026749554
-0.173115153748 -0.0935865185172 0.980445157617
-0.00428306126842 0.817493181719 -0.575922349999
0.731215044991 -0.00457528859995 0.682131676961
-0.424466003164 -0.892616585971 -0.151869162792
-0.895191654094 -0.245511549333 0.371962338933
-0.828800418896 0.52703945281 -0.187934245999
-0.299838570112 0.762510537238 0.573301415029
