0.00626937322378 0.957776081805 0.287446816093
-0.637588783001 -0.734356297273 0.2328118821
0.765248269712 0.616825198568 -0.184178609274
-0.830344382613 0.1519683252 0.536128561446
0.207288333148 -0.96662755994 -0.150541380706
0.880874542004 -0.317844295908 -0.350763516928
0.83636992729 0.00577236117748 0.548135042276
0.110173269302 -0.395753946029 -0.911724006996
0.0615453479073 0.555834704794 -0.829011430017
0.0174862245603 0.278222862083 0.960357366278
-0.775068354622 -0.249973003558 -0.580329684882
-0.708392278202 0.652188971787 -0.269870200768
0.162783662987 -0.643010869912 0.748357200967
