0.605522163973 -0.550897496089 -0.574329920639
-0.804793502425 0.355205823756 -0.475537844156
-0.23487317677 -0.921878403516 -0.308179817581
0.423979454728 0.301140467188 0.854140410583
0.0954171709537 -0.807516143187 0.582076663319
0.316061133961 0.937121178532 0.14801775686
-0.584352638423 0.715720271244 0.382461092528
-0.912914814352 -0.392936326123 0.110397397388
-0.206320285593 -0.217105175416 -0.954095007093
0.885981455941 -0.339963165798 0.315375816492
0.870058800771 0.341719690567 -0.355282051727
-0.450518335477 -0.0845831672517 0.888751324734
0.0582162772327 0.675512021152 -0.735047191916
