0.0150146924515 -0.215379608968 0.976414964578
-0.2547199166 0.281305601583 -0.925194532304
0.809462081883 -0.359961519426 0.463895292632
-0.639517906418 -0.641185512142 0.424143827481
0.49364459585 0.706054208787 -0.507742520616
-0.217704061307 0.672432074178 0.707417873189
-0.798819181576 -0.365585000154 -0.477740015917
0.187685445372 -0.978733906418 0.0827895767795
0.863472623455 -0.175276992511 -0.472961948194
0.690801938606 0.588077397994 0.420663351846
0.0718307721693 -0.607563317563 -0.7910165329
-0.937842225759 0.249017533211 0.241748273493
-0.393742951069 0.895908146819 -0.20570629778
