-0.202133932149 0.840593004249 0.502538829029
0.645661342105 -0.733524100115 0.21228242005
-0.708612298988 -0.267723714527 -0.652834299347
0.991219625021 0.132214066902 -0.00175939951882
-0.643385789651 -0.745742878374 0.172980591483
0.511095757856 0.283298698905 0.81149428433
-0.816955582248 0.550954943743 -0.170388457941
-0.0213922509348 -0.50968392667 0.860095731005
-0.751729010962 0.0729357759404 0.655426476933
0.564648116898 -0.139810411643 -0.813403683837
0.023506042261 -0.86441932244 -0.502221764732
-0.157235549826 0.485857528046 -0.859778718225
0.430082551946 0.877012439594 -0.21419192167
