0.250686693199 -0.931820502247 -0.262424719578
-0.915125570878 0.0710113348049 0.396865946958
0.389786795428 0.873925852553 -0.290378818702
0.877537300124 -0.414264554868 0.241481190719
0.701680852841 0.482230375566 0.524497707944
0.809914138661 0.0660285226813 -0.582820145663
0.142453378858 -0.515618672297 0.844893140954
-0.169813550943 0.386271753411 0.906618712819
0.0116724189455 -0.311617084167 -0.950136067882
-0.827983294183 -0.264086946808 -0.494673376157
-0.547927930231 -0.79927118518 0.246861410137
-0.464872468711 0.874413561537 0.138904683991
-0.377730191586 0.539315281271 -0.752634658883
