0.244983819262 -0.712282693417 0.657750935353
-0.183371060985 -0.970906393905 -0.153999442424
0.216928656562 0.973580642042 -0.0712929968682
0.775021273945 0.348871492565 -0.52690673426
0.669476887779 0.454025256119 0.587930066875
0.478418714134 -0.542519182666 -0.690498711371
-0.395001617028 0.597024322005 -0.69823755376
-0.984169233762 0.0738875961872 -0.161094824393
-0.566941719869 0.716260117336 0.40687655448
-0.444984270222 -0.346672499154 -0.825716160424
-0.122543071654 0.103689661268 0.987031736945
0.935194973982 -0.333194766106 0.119965030233
-0.67841917716 -0.516436032292 0.522533486594
