-0.325595561943 -0.351463927144 -0.877758872333
0.61231495843 0.0291063747091 0.790077977566
0.342235973185 -0.820429415083 0.458006674105
-0.931926724962 -0.210023422745 0.295639546069
0.464563116703 0.832338237763 0.302314684654
-0.418370942561 -0.90189558935 -0.107471393083
-0.813644521455 0.351797104482 -0.462840566485
0.992565692961 -0.0976644796806 -0.0726291578128
-0.321284388456 0.137486064398 0.936949264278
-0.0066782003503 0.851810617553 -0.52380728657
0.500661571456 0.119500980366 -0.857354947824
0.441887038092 -0.754200163467 -0.485713865349
-0.486636510508 0.821585261318 0.296955493342
