-0.595579271476 0.305900021862 0.742772177732
-0.323790818038 0.247198037554 -0.913264822701
0.0594119622917 -0.892569289433 -0.446979062482
-0.784095431364 -0.441906347521 -0.43579024144
-0.868335946012 0.469744661408 -0.159162300632
0.538511747778 -0.157584298066 -0.827751343405
0.72702784731 0.590222028253 0.350811155184
-0.616928917852 -0.616159885138 0.489638342315
-0.142755037787 0.965331373136 0.218532238412
0.960604671539 -0.277036083309 0.022128568925
0.401790093526 0.742784756295 -0.535570281626
0.284263728654 -0.000626747871351 0.958745920335
0.316672152429 -0.823015076427 0.471555862915
