0.419063361555 0.590968280138 -0.68930573106
0.45075567273 0.86331120119 0.226964960734
0.42448599922 -0.520737660855 0.740705018907
-0.191574787909 -0.537316155541 -0.821334554023
-0.505716771922 0.365160155825 -0.781606427299
0.973810913754 0.0626429849829 0.218559284147
-0.919159438446 -0.309207938639 -0.244000773355
-0.484617976792 0.874285318697 0.0277596484367
-0.798263522492 0.159744813931 0.580738274166
0.717032764369 -0.315322259178 -0.621639676733
-0.472513282032 -0.734580642914 0.486952233139
0.0701295674522 0.345960028982 0.935624658779
0.25507134778 -0.962688832373 -0.0903815222544
