0.309123740678 0.900564508511 0.305656799303
-0.42686442142 -0.88823384674 -0.169786334051
0.527526989273 -0.828615071041 -0.187382869102
0.599200856982 -0.426601764764 0.677472705939
-0.342001194242 -0.586848363557 0.73392382529
0.653352405919 -0.068423975912 -0.753955431839
-0.62056807831 0.687655910507 0.376861524869
-0.257384492313 -0.312434157094 -0.914405883947
0.966450227584 0.238175377932 0.0961584471075
0.181538755816 0.754356387673 -0.630864581756
-0.716941628355 0.438932410761 -0.541602289798
0.0113908615328 0.272061004852 0.962212584574
-0.973960144047 -0.171253499326 0.148572799584
