-0.224307604351 0.481560351217 -0.847222359694
-0.257806848913 -0.966153659146 -0.00909590969129
0.371886266543 -0.265086889299 -0.889623260644
0.95176710939 0.162214202722 -0.260434102832
-0.49376962364 -0.436967658097 0.751831646413
0.462422105635 -0.435433247059 0.772375351482
0.648332463957 0.484330028411 0.587443137468
0.665319452929 -0.738125424224 -0.111896754506
-0.559350135306 -0.405584025208 -0.722930857433
-0.998296935732 -0.0387959689363 0.0435671998426
-0.278067977558 0.491924454233 0.82503850285
-0.576337145872 0.816871446875 -0.0235909637147
0.355573282408 0.908861454966 -0.218033246352
