-0.582901821797 0.740182010862 0.335195550303
-0.72596210518 0.411089660675 -0.551347723971
0.583251486679 -0.0384712185944 -0.811380101202
0.151959544856 0.78779313938 -0.596900549734
0.360009896714 -0.856712862632 -0.369372366683
0.660246785368 -0.567866670835 0.491529883696
0.364659298502 0.869967570929 0.331933760785
0.978656718938 0.203970260646 0.0250431477383
-0.897254127649 -0.42499055014 -0.119658107576
-0.231652108399 -0.895046233486 0.381089937674
-0.305592176993 -0.386657282048 -0.870120432814
-0.648966832232 -0.118305790756 0.751562233309
0.243795310168 0.156359170299 0.95713930888
