0.916849692659 -2.35667826857 -4.06623793232 0.916849692659 -2.35667826857 -4.06623793232
1.42374748101 1.48550731502 1.88777954878 1.68355932325 1.7033543567 2.290103846
-1.96488728559 -3.51553659833 -1.54018830683 -1.96488728559 -3.51553659833 -1.54018830683
-0.828146513716 2.89519510815 4.25495339327 -0.657334351927 2.72930250769 3.94882114965
-0.899495809605 1.21636008271 1.30967991686 -0.151587963943 0.994273701445 0.719230969087
-0.279384435841 2.49060323854 -2.681345515 -0.279384435841 2.49060323854 -2.681345515
1.10974115926 0.0823641206632 2.81721706052 1.10974115926 0.0823641206632 2.81721706052
0.501111977103 0.518248964587 0.778595081045 0.42262495127 0.460868927683 0.0307779791737
-1.30432467607 -0.226697345324 0.186567471939 -0.800059256316 0.251640614381 0.773136411564
0.842624752934 0.228506887448 0.00911300494475 0.890225314247 0.28413375055 0.0936440521704
-0.160462045931 1.04271947704 0.141193650973 -0.283382998292 1.17442050185 -0.0339006837922
-0.706372736584 0.237524681848 0.247604097491 -1.24087833165 0.304018898398 0.608094105384
-2.1146557306 4.77174120288 1.96211670822 -2.1146557306 4.77174120288 1.96211670822
-1.44146141728 5.30142429416 -0.981741228185 -1.44146141728 5.30142429416 -0.981741228185
1.52270113624 0.358888830143 0.255719452374 1.52270113624 0.358888830143 0.255719452374
-2.99515615365 1.44785849374 -5.09040287948 -2.99515615365 1.44785849374 -5.09040287948
-7.85950801398 -4.0792116473 -0.0947222663115 -7.85950801398 -4.0792116473 -0.0947222663115
-0.29192537966 -0.162027829696 0.911222357171 -0.264937580719 0.320208127206 1.34472213796
0.956741744543 -1.23078945991 1.9465377221 0.956741744543 -1.23078945991 1.9465377221
-2.16366566646 -3.1807491096 -4.04234628766 -2.16366566646 -3.1807491096 -4.04234628766
0.681257153069 -0.61082318151 0.351830458961 0.433364982663 -0.666231780196 0.359876861597
-5.07625369122 -4.58653402928 2.36848274706 -5.07625369122 -4.58653402928 2.36848274706
-0.134614765436 7.18911903456 -4.57755851943 -0.134614765436 7.18911903456 -4.57755851943
0.340823778851 1.17541439327 -1.23813153535 0.259208533149 0.922258485992 -1.28492614894
0.896874613169 -1.30103343311 -1.24826723942 0.858335733986 -0.915640204684 -1.39871295141
0.0449521175351 0.668735583376 0.371650651061 -0.16980253675 0.37486162961 0.484680310192
1.61482334 0.703258071369 -3.35367685891 1.61482334 0.703258071369 -3.35367685891
0.662554284016 -0.515453344313 0.427953135536 0.674681845081 -0.524295539719 0.29964125212
-1.47929125472 -2.39201820614 2.75214007952 -1.47929125472 -2.39201820614 2.75214007952
-1.72286482846 -1.28744659118 1.80423140307 -1.72286482846 -1.28744659118 1.80423140307
-1.95235317179 -0.993920794119 0.551877271391 -2.21605417715 -1.08987174756 0.752046053938
-0.996688365508 1.28272903473 3.43272273305 -0.996688365508 1.28272903473 3.43272273305
-1.27681279958 -0.501914025459 0.599843950409 -0.834569876373 -0.155252544687 0.570299321533
-2.99232314793 -0.91934736222 0.374051857192 -2.99232314793 -0.91934736222 0.374051857192
-0.283382998292 1.17442050185 -0.0339006837922 -0.660173067013 1.4009411559 -0.1594471211
1.56505396741 0.159029509639 4.67717283075 1.56505396741 0.159029509639 4.67717283075
2.22225647134 3.63538231909 -1.27330196536 2.22225647134 3.63538231909 -1.27330196536
-0.890625980979 3.1984893976 1.1767372539 -0.890625980979 3.1984893976 1.1767372539
0.529454119719 2.15707512846 0.429257562933 0.529454119719 2.15707512846 0.429257562933
0.338242711686 0.131601985245 0.697931143254 0.641519416409 0.0841598406529 0.817762960672
1.89120846594 2.02449980573 -0.0887412993336 1.89120846594 2.02449980573 -0.0887412993336
-1.08573844308 0.836444523348 0.345282571769 -0.344434250219 0.00649061262858 0.817988021667
-3.88689915343 0.601786848405 0.643441214557 -3.88689915343 0.601786848405 0.643441214557
7.32690563798 -0.0893433285698 -1.37609907189 7.32690563798 -0.0893433285698 -1.37609907189
2.95675712538 2.83612163562 0.0397632815022 2.95675712538 2.83612163562 0.0397632815022
0.300047855203 2.94005120742 0.674187299141 0.300047855203 2.94005120742 0.674187299141
1.85561761844 1.40429224502 0.460617277932 1.85561761844 1.40429224502 0.460617277932
-2.72350045599 -2.9364947479 -1.00256401659 -2.79869123806 -2.73860138039 -1.65235118397
-1.54880751212 -3.94794699089 0.619061461257 -1.54880751212 -3.94794699089 0.619061461257
0.759045520085 4.03410733144 1.10489050596 0.759045520085 4.03410733144 1.10489050596
-1.34545083689 -0.255671934198 0.845162035291 -1.10701673328 -0.239102898516 0.708443630443
-0.629620178524 -1.37388437057 0.656394462264 -0.596823764056 -1.50501103173 0.671927777096
-2.47220783109 -4.34998150683 0.807227757905 -2.47220783109 -4.34998150683 0.807227757905
-2.36193978377 -3.13168261534 0.926752621503 -2.36193978377 -3.13168261534 0.926752621503
-0.523594720268 -1.13021825198 0.980401726333 -0.523594720268 -1.13021825198 0.980401726333
-1.54086475426 3.84571561928 -1.86965337514 -1.54086475426 3.84571561928 -1.86965337514
1.67157890009 0.0677619801139 0.957693362295 1.67157890009 0.0677619801139 0.957693362295
4.68187121883 4.73910774767 -1.20537509494 4.68187121883 4.73910774767 -1.20537509494
-1.44025324051 -1.04616412127 0.341519195555 -1.44025324051 -1.04616412127 0.341519195555
0.96081894713 1.568373066 0.881989296433 0.96081894713 1.568373066 0.881989296433
4.52239233623 3.01645719616 1.97551610601 4.52239233623 3.01645719616 1.97551610601
0.438276838022 2.94308523 -4.0477950848 0.438276838022 2.94308523 -4.0477950848
1.43790768542 -1.41382336618 -2.61245945903 1.60046249994 -1.63316962283 -2.96617764018
2.21512312395 -1.39885622126 -3.61089987391 1.64283747156 -1.16434295842 -3.92061689047
-1.08922856554 0.303308281948 0.241637217182 -0.580668007054 0.36009516292 0.990430378347
0.903467351427 -1.99196013183 1.62895012418 0.903467351427 -1.99196013183 1.62895012418
2.74994952311 1.70749589623 1.90432423578 2.72531404734 1.81259955135 1.89888411262
-3.20616549054 -1.96916588812 1.11324282047 -3.20616549054 -1.96916588812 1.11324282047
-3.11483218416 3.63188356623 -1.79911763041 -3.11483218416 3.63188356623 -1.79911763041
-0.834569876373 -0.155252544687 0.570299321533 -0.739876378954 -0.249745445084 0.00596346274634
-0.16980253675 0.37486162961 0.484680310192 -0.433218253028 0.17097215392 0.527073233286
-2.62843982313 -0.665978070957 -3.0240970887 -2.62843982313 -0.665978070957 -3.0240970887
1.82963601943 3.43795545795 3.20230948786 1.82963601943 3.43795545795 3.20230948786
3.62095823142 -1.43658151939 -0.717613269998 3.62095823142 -1.43658151939 -0.717613269998
0.979689960455 -3.04505636063 -0.330731778133 0.590854371466 -2.89153676518 -0.456810369017
-2.33524230474 2.37316997836 0.694690340861 -2.33524230474 2.37316997836 0.694690340861
-1.54579462084 -4.36190076341 0.951013181384 -1.54579462084 -4.36190076341 0.951013181384
1.31860330197 0.90928573436 0.603144664299 1.31860330197 0.90928573436 0.603144664299
-0.0409759795037 0.62446969926 -0.442588036329 -0.306216606066 1.00026850391 -0.671527406712
-1.24087833165 0.304018898398 0.608094105384 -1.08573844308 0.836444523348 0.345282571769
-2.51902908829 -2.94929152813 -1.24389326349 -2.72350045599 -2.9364947479 -1.00256401659
-0.273641855502 -0.388124120387 0.741850429329 -0.29192537966 -0.162027829696 0.911222357171
0.889255009272 -5.78765688025 0.745979000024 0.889255009272 -5.78765688025 0.745979000024
-0.288916881876 -3.342394769 -2.56254530178 -0.288916881876 -3.342394769 -2.56254530178
-0.415012116112 0.514222923065 -0.134923163367 -0.450294141152 0.805642863362 0.525527730368
0.786024531629 -0.0744231211422 0.51164994766 0.691453019373 -0.506433251567 0.322518364958
-0.258231788771 -0.35914591471 0.493139860446 -0.00406244926683 -0.832776937032 -0.0463547183685
3.71510542813 -0.0943114716313 0.488867717196 3.56275487799 0.198206181382 0.685538168323
-2.21605417715 -1.08987174756 0.752046053938 -2.39331945416 -0.875882027438 0.429265556771
4.80573135174 -2.51808718903 7.39948020112 4.80573135174 -2.51808718903 7.39948020112
0.258716278744 1.01462522489 0.227692655123 0.34592146123 0.918932763028 -0.00539427454357
0.279893115567 0.908723333718 1.48142247824 0.279893115567 0.908723333718 1.48142247824
-4.52050715407 5.54780414884 1.0919631043 -4.52050715407 5.54780414884 1.0919631043
-0.26774177331 -0.522461531549 4.33995419656 -0.26774177331 -0.522461531549 4.33995419656
0.912070050784 -0.116454326094 -0.114096482661 0.903172294458 -0.0349427955107 0.289532318033
0.877190517067 0.0416068315039 0.665825982924 0.842624752934 0.228506887448 0.00911300494475
-4.33679119397 1.64891936893 3.61088883621 -4.33679119397 1.64891936893 3.61088883621
-2.39787716949 0.169745902489 -0.0747323009035 -1.93675713216 0.219326596776 -0.245727378945
-2.39331945416 -0.875882027438 0.429265556771 -1.95235317179 -0.993920794119 0.551877271391
-0.454433627522 0.918502056553 0.911716992114 -0.541893305025 0.309626084328 0.713981401293
-0.186202406397 0.794381555792 0.688508274468 -0.202696186623 1.28786256196 0.718308104808
-0.458079063813 0.665498984404 -0.00525213264748 -0.458079063813 0.665498984404 -0.00525213264748
-1.6392975724 -4.95370319139 0.837950846385 -1.6392975724 -4.95370319139 0.837950846385
3.50050671023 0.00679032413612 -3.48973034174 3.50050671023 0.00679032413612 -3.48973034174
-0.515476720658 -2.13470946704 0.259729171693 -0.223084023618 -2.42630769687 0.106762052195
0.606255124468 0.245678079042 -1.71732378032 0.11942564826 0.361430403201 -1.79144606023
0.810769689747 -0.263688250111 2.37915537148 0.810769689747 -0.263688250111 2.37915537148
-0.0751333366141 -1.5005590078 -1.4451310704 0.172439110363 -1.91424803035 -1.00623089046
-2.33627791032 3.48563676189 -3.14224458481 -2.33627791032 3.48563676189 -3.14224458481
-0.0898384868143 0.233018280625 0.41246620901 0.323505329636 0.536575352009 0.878586905049
-0.810182681599 -0.707649686461 1.02692322796 -1.27681279958 -0.501914025459 0.599843950409
-0.0981412974802 -2.14692030336 -3.66542512074 -0.0981412974802 -2.14692030336 -3.66542512074
0.865387193074 -0.886531046598 -0.125736279612 0.115538041213 -0.801368510741 0.113327643817
2.24777370501 -3.23256943427 -3.11121337011 2.24777370501 -3.23256943427 -3.11121337011
-0.0634064055447 -0.684219391151 0.152632250002 0.0861287202583 0.0274236382091 0.0498537694732
3.48304341368 -2.53463739538 -3.14047550643 3.48304341368 -2.53463739538 -3.14047550643
1.93825345667 -4.14661381371 -0.872162067063 1.93825345667 -4.14661381371 -0.872162067063
3.83282438624 6.70391538802 1.12276176209 3.83282438624 6.70391538802 1.12276176209
0.133820252393 2.17952031518 0.142209572379 0.442068297039 1.35302790847 0.52810653384
2.16820596975 -0.895357393214 0.652463196315 2.03178213192 -0.895662726334 0.260507108358
3.49292546201 1.60341823977 2.22349771955 3.49292546201 1.60341823977 2.22349771955
-1.36445318889 2.2866319255 1.53057357481 -1.36445318889 2.2866319255 1.53057357481
1.92136079922 4.85937416036 -3.49549956582 1.92136079922 4.85937416036 -3.49549956582
-2.04103275583 -4.47708410275 4.16316519731 -2.04103275583 -4.47708410275 4.16316519731
1.90619583351 -0.561368082768 -0.722224561808 1.90619583351 -0.561368082768 -0.722224561808
-0.495378653604 1.93975111004 7.44913429932 -0.495378653604 1.93975111004 7.44913429932
0.0840242118928 -1.61860438609 2.83723143418 0.0840242118928 -1.61860438609 2.83723143418
1.68355932325 1.7033543567 2.290103846 1.42374748101 1.48550731502 1.88777954878
-0.620194064154 0.354034533957 1.11288393583 -0.423385023815 -0.195469281687 0.922932689206
-2.46998741285 2.08124548343 2.11479780153 -2.46998741285 2.08124548343 2.11479780153
1.47604413407 3.20979125632 -2.4446013707 1.47604413407 3.20979125632 -2.4446013707
1.60514308765 0.406273946225 -0.0999350639209 1.64228480991 0.248237722322 0.0280039133891
-0.244042150257 0.65899087907 -0.618863542449 -0.415012116112 0.514222923065 -0.134923163367
2.64042343925 -0.693902349587 1.5088785519 2.64042343925 -0.693902349587 1.5088785519
0.858335733986 -0.915640204684 -1.39871295141 0.896874613169 -1.30103343311 -1.24826723942
-0.543714270673 1.11114673512 0.708388807281 -0.899495809605 1.21636008271 1.30967991686
-0.846867108243 0.631215894658 -0.0373485184866 0.153254484411 0.729750078766 0.419892651525
-2.92673009134 -3.49383660303 -2.66044573477 -2.92673009134 -3.49383660303 -2.66044573477
-2.79869123806 -2.73860138039 -1.65235118397 -2.51902908829 -2.94929152813 -1.24389326349
1.4007525092 2.56714986008 -0.460647071137 1.4007525092 2.56714986008 -0.460647071137
-1.55931520602 1.23299243052 0.502735814313 -1.13081272315 1.24129216585 0.470819906122
-0.411078869448 -0.720430897434 1.54290627445 -0.564985010431 -0.410065560341 1.34333199165
-2.05245900612 -4.08801759041 1.43860504059 -2.05245900612 -4.08801759041 1.43860504059
2.94038660765 -1.45524639503 -5.47217814002 2.94038660765 -1.45524639503 -5.47217814002
1.39778181411 -0.65354014857 -0.27400392206 0.865387193074 -0.886531046598 -0.125736279612
-4.4306059068 -0.272874360959 2.88687172244 -4.4306059068 -0.272874360959 2.88687172244
-0.182853787577 0.16716868344 1.2137930763 -0.810182681599 -0.707649686461 1.02692322796
-3.93627431865 -1.58403734425 1.31798077812 -3.93627431865 -1.58403734425 1.31798077812
1.00627654363 -0.952852256133 2.14528332139 1.00627654363 -0.952852256133 2.14528332139
-0.319318081797 0.34226678321 0.460516766671 -0.0858146769744 0.468017345021 0.666488457872
-0.85618635328 -0.299366204761 0.41474916588 -0.324154182914 -0.353904328053 0.438364389501
2.20985896382 2.30987759056 -0.146930739923 2.04547905371 2.00236621603 -0.186203891846
-0.306216606066 1.00026850391 -0.671527406712 -0.732529799845 0.587653629382 -0.951026270106
0.170206566648 -0.155708072154 0.252232111378 -0.0898384868143 0.233018280625 0.41246620901
-1.27478960451 0.221892465884 -1.56426815873 -0.955048261559 0.577286290897 -1.71835877622
-3.50051562582 3.55466238158 1.36423045578 -3.71892164523 3.21648910353 1.82906530109
2.72531404734 1.81259955135 1.89888411262 2.74994952311 1.70749589623 1.90432423578
0.435963152546 -1.03470159829 -5.55159707523 0.435963152546 -1.03470159829 -5.55159707523
3.19665980655 0.21302643548 3.58752481885 3.19665980655 0.21302643548 3.58752481885
-1.23785876041 -0.797667209027 0.614604515581 -1.1747613227 -0.501750728533 0.432470355132
-0.0858146769744 0.468017345021 0.666488457872 -0.319318081797 0.34226678321 0.460516766671
-1.70255582399 -1.96008943186 -3.82448346266 -1.70255582399 -1.96008943186 -3.82448346266
0.830165980691 3.48476934935 -0.733319232801 0.830165980691 3.48476934935 -0.733319232801
1.23011075145 -6.62757052913 -0.468340165662 1.23011075145 -6.62757052913 -0.468340165662
0.36942921994 -0.174491205766 0.190694686339 0.469262895431 -0.381776486803 -0.0907843977727
1.85489418717 6.996411991 4.82048931718 1.85489418717 6.996411991 4.82048931718
-0.564985010431 -0.410065560341 1.34333199165 -0.411078869448 -0.720430897434 1.54290627445
2.06571814702 -4.42021899892 -0.906402896977 2.06571814702 -4.42021899892 -0.906402896977
-0.938689884852 -0.68461549679 0.601467556688 -1.23785876041 -0.797667209027 0.614604515581
-3.75669753311 -1.86412607489 4.05452883598 -3.75669753311 -1.86412607489 4.05452883598
0.512909973077 -1.23901387439 -1.26064470021 0.512909973077 -1.23901387439 -1.26064470021
3.45391094291 0.125622047015 -0.920470455583 3.45391094291 0.125622047015 -0.920470455583
-0.09251278126 -2.36081307196 0.453145767361 -0.09251278126 -2.36081307196 0.453145767361
-1.95030168065 -2.69445136962 0.828365086991 -2.11958036524 -2.51330687997 0.433179263674
5.96297556644 -1.64362579559 -0.563187162493 5.96297556644 -1.64362579559 -0.563187162493
-5.33469839614 -0.959877524909 0.440847060482 -5.33469839614 -0.959877524909 0.440847060482
-0.344434250219 0.00649061262858 0.817988021667 -0.553906027511 -0.213133698677 0.872037042075
-4.53097285463 -0.496176253551 1.93053379973 -4.53097285463 -0.496176253551 1.93053379973
1.80468888332 -1.39809492867 1.1885270161 1.80468888332 -1.39809492867 1.1885270161
-1.45107642811 2.4254208734 -0.72646532186 -1.45107642811 2.4254208734 -0.72646532186
1.50947720986 -2.18388515472 2.18319142153 1.50947720986 -2.18388515472 2.18319142153
-3.63168915866 -1.20194131027 -2.02858472446 -3.63168915866 -1.20194131027 -2.02858472446
1.64228480991 0.248237722322 0.0280039133891 1.80663047566 0.355481873353 -0.540350407381
-0.825795680689 -3.55858477801 0.513003641108 -0.825795680689 -3.55858477801 0.513003641108
-2.58402400052 1.43150231293 -0.535077798021 -2.58402400052 1.43150231293 -0.535077798021
0.343609384628 1.3551870599 -2.1252139987 0.343609384628 1.3551870599 -2.1252139987
-1.07122860626 0.917128053314 -0.17826110785 -0.846867108243 0.631215894658 -0.0373485184866
2.19225944235 4.62491002715 0.64503914769 2.19225944235 4.62491002715 0.64503914769
0.647845647451 -1.08490984284 -1.91150540267 0.163172368637 -1.09590285476 -1.53837012089
0.442068297039 1.35302790847 0.52810653384 -0.444108386301 1.46384617273 0.526841343271
-0.177293964899 3.06546725422 0.702669236745 -0.177293964899 3.06546725422 0.702669236745
-1.10701673328 -0.239102898516 0.708443630443 -1.34545083689 -0.255671934198 0.845162035291
2.92049834664 1.07094124478 1.06650499498 2.92049834664 1.07094124478 1.06650499498
-1.07840900585 2.76227878707 0.164947374053 -1.07840900585 2.76227878707 0.164947374053
0.222781148161 4.21786048678 4.21528172029 0.222781148161 4.21786048678 4.21528172029
-0.660173067013 1.4009411559 -0.1594471211 0.133820252393 2.17952031518 0.142209572379
-2.15462423144 5.04935825625 -1.69585466031 -2.15462423144 5.04935825625 -1.69585466031
-1.23588077146 0.631544179556 0.0486561880372 -1.78971577284 0.831262095864 0.470088068031
-0.202046430403 1.54947423809 -1.44809161946 -0.202046430403 1.54947423809 -1.44809161946
-3.41475899848 0.920156865601 -2.78105415565 -3.41475899848 0.920156865601 -2.78105415565
0.153254484411 0.729750078766 0.419892651525 -0.0409759795037 0.62446969926 -0.442588036329
0.172439110363 -1.91424803035 -1.00623089046 0.211635056606 -1.56590382111 -0.921909780862
-2.55293361734 0.547634525894 3.36133695816 -2.55293361734 0.547634525894 3.36133695816
-1.37312921919 4.68325270526 3.6228520861 -1.37312921919 4.68325270526 3.6228520861
1.65592032266 3.45360351075 2.6071008178 1.65592032266 3.45360351075 2.6071008178
0.917476995611 -1.48465066848 1.24394340291 0.917476995611 -1.48465066848 1.24394340291
-1.30721036706 1.96864450201 1.42558705018 -1.25590336094 2.18060841822 0.956076404954
0.323505329636 0.536575352009 0.878586905049 0.501111977103 0.518248964587 0.778595081045
4.54317690188 -0.942964431392 -4.56328050686 4.54317690188 -0.942964431392 -4.56328050686
-0.927691388695 0.272185842507 0.398343854356 -0.927691388695 0.272185842507 0.398343854356
-1.88954182031 1.45855456091 0.179676076315 -1.88954182031 1.45855456091 0.179676076315
3.78421352989 0.720729414204 -5.01272260305 3.78421352989 0.720729414204 -5.01272260305
0.262096286903 -0.958243419846 0.366406833791 0.681257153069 -0.61082318151 0.351830458961
0.115538041213 -0.801368510741 0.113327643817 -0.666535200789 -1.07507015264 -0.0257121511266
1.60046249994 -1.63316962283 -2.96617764018 1.43790768542 -1.41382336618 -2.61245945903
0.163172368637 -1.09590285476 -1.53837012089 0.286242021239 -0.685155164109 -1.91415795722
-0.206663092024 -1.13807043326 0.65971671343 -0.206663092024 -1.13807043326 0.65971671343
2.00773454659 -0.784664481253 0.700978583089 2.16820596975 -0.895357393214 0.652463196315
0.469262895431 -0.381776486803 -0.0907843977727 0.564851924077 -0.860530829397 -0.584318730579
-3.11166399989 0.0484207435706 -0.473138662 -2.39787716949 0.169745902489 -0.0747323009035
-3.71892164523 3.21648910353 1.82906530109 -3.50051562582 3.55466238158 1.36423045578
0.590854371466 -2.89153676518 -0.456810369017 0.979689960455 -3.04505636063 -0.330731778133
0.478411519485 -7.79463057333 -1.33556982832 0.478411519485 -7.79463057333 -1.33556982832
1.14202790223 -0.0800083859654 1.14297442086 0.832520412184 -0.0628715062319 1.58459951301
0.695279083087 0.659756553057 -1.28586545573 0.142074181111 0.943911116546 -0.995092156394
-0.450294141152 0.805642863362 0.525527730368 0.113876654064 0.54727907625 -0.070357099049
0.191306492854 -1.35206387868 -1.71301808291 0.191306492854 -1.35206387868 -1.71301808291
-0.414773837538 0.215976306724 0.31641772465 -0.0426802108826 0.073506810747 0.510723311696
-3.15765588227 0.926837161722 1.79886231048 -3.15765588227 0.926837161722 1.79886231048
1.15224876075 -1.04364436598 0.488707121435 1.15224876075 -1.04364436598 0.488707121435
2.06025143132 2.17393534515 2.53460045465 2.06025143132 2.17393534515 2.53460045465
-0.227555057642 1.83866369022 2.09751185288 -0.059604694731 1.45020048956 2.03630323026
4.09276792147 -2.76061835922 -3.28135577394 4.09276792147 -2.76061835922 -3.28135577394
-0.00406244926683 -0.832776937032 -0.0463547183685 0.408812433611 -0.786890414967 -0.101293357179
1.09004634442 -3.16609970507 3.45522662791 1.09004634442 -3.16609970507 3.45522662791
0.358356820037 -1.56642634864 -0.90194181141 0.358356820037 -1.56642634864 -0.90194181141
-4.15198876912 2.83050820595 5.19072742136 -4.15198876912 2.83050820595 5.19072742136
-0.324154182914 -0.353904328053 0.438364389501 -0.295948130281 0.208176658494 0.318530189236
-1.86140466069 -1.93368313463 0.0325917630093 -1.86140466069 -1.93368313463 0.0325917630093
2.03178213192 -0.895662726334 0.260507108358 2.00773454659 -0.784664481253 0.700978583089
-1.39061405886 -1.31681149545 -0.228825231098 -1.39061405886 -1.31681149545 -0.228825231098
-0.059604694731 1.45020048956 2.03630323026 0.0252100788857 1.53094119981 2.21618441515
5.2201521962 -0.940516021351 4.9319213448 5.2201521962 -0.940516021351 4.9319213448
-3.18934943463 4.45016794314 -0.933214297259 -3.18934943463 4.45016794314 -0.933214297259
-1.25590336094 2.18060841822 0.956076404954 -1.30721036706 1.96864450201 1.42558705018
1.88064813138 -3.08478153508 -1.36002618202 1.88064813138 -3.08478153508 -1.36002618202
6.25873845458 3.324333449 -7.0768492059 6.25873845458 3.324333449 -7.0768492059
-3.5372378678 -1.43832289482 1.27801095453 -3.5372378678 -1.43832289482 1.27801095453
2.84606409961 1.68835226258 2.0072669234 2.84606409961 1.68835226258 2.0072669234
4.39821918809 0.611508562263 -4.49839489328 4.39821918809 0.611508562263 -4.49839489328
-1.06509085077 -1.89591545468 0.935897730422 -1.06509085077 -1.89591545468 0.935897730422
0.392737700461 -2.63249057135 3.56537729677 0.392737700461 -2.63249057135 3.56537729677
1.07549425008 -2.12816334065 -1.48226772098 1.07549425008 -2.12816334065 -1.48226772098
4.29957906513 -2.61305232638 0.816443273677 4.29957906513 -2.61305232638 0.816443273677
-0.423385023815 -0.195469281687 0.922932689206 -0.273641855502 -0.388124120387 0.741850429329
-0.881410774431 2.7654249144 0.137001649652 -0.881410774431 2.7654249144 0.137001649652
-0.732873102825 -0.0185090117241 1.19854772217 -0.894547695479 0.216267027976 1.2049524847
2.85734560756 2.69016017623 0.614561342581 2.85734560756 2.69016017623 0.614561342581
1.49319242188 6.0070891872 3.66805637569 1.49319242188 6.0070891872 3.66805637569
-0.464294698775 1.56126057723 0.818441025198 -0.543714270673 1.11114673512 0.708388807281
3.13816434686 -0.781316024426 0.499325351312 3.13816434686 -0.781316024426 0.499325351312
2.72449708162 -0.0491749803264 -4.63638154973 2.72449708162 -0.0491749803264 -4.63638154973
2.23678498357 0.349982919884 2.14393604499 1.77157624065 0.375498248875 2.36091895973
-2.10647816831 1.81128601324 3.81185400777 -2.10647816831 1.81128601324 3.81185400777
1.5586095219 2.85346447853 -4.82014302632 1.5586095219 2.85346447853 -4.82014302632
3.24755529327 0.92404261569 0.475366417009 3.52555076394 0.953844327643 -0.0334004449234
-0.800059256316 0.251640614381 0.773136411564 -0.732873102825 -0.0185090117241 1.19854772217
-5.31307071353 -1.91053992202 -6.44599861418 -5.31307071353 -1.91053992202 -6.44599861418
3.56275487799 0.198206181382 0.685538168323 3.71510542813 -0.0943114716313 0.488867717196
2.79898055979 -1.14304874697 0.093266209045 2.79898055979 -1.14304874697 0.093266209045
0.59644810053 -2.12141163023 3.07050139935 0.59644810053 -2.12141163023 3.07050139935
0.211635056606 -1.56590382111 -0.921909780862 -0.0751333366141 -1.5005590078 -1.4451310704
0.286242021239 -0.685155164109 -1.91415795722 0.647845647451 -1.08490984284 -1.91150540267
2.13588120216 6.12868331983 -3.13520757667 2.13588120216 6.12868331983 -3.13520757667
-0.822866440406 4.92494775415 3.06284634634 -0.822866440406 4.92494775415 3.06284634634
0.938971539852 -2.01533060574 2.36371350117 0.938971539852 -2.01533060574 2.36371350117
0.11942564826 0.361430403201 -1.79144606023 0.606255124468 0.245678079042 -1.71732378032
-0.835527156187 0.00413268680981 2.95745239808 -0.835527156187 0.00413268680981 2.95745239808
-0.962545474725 -0.0608063805543 0.683366552722 -0.754861624546 -0.454932170881 0.410581832192
0.107465619071 1.55891728196 -0.381327675871 0.107465619071 1.55891728196 -0.381327675871
1.60695969901 1.40819829312 -0.988071099536 1.60695969901 1.40819829312 -0.988071099536
2.57944926596 2.24567015999 -0.529312463357 2.57944926596 2.24567015999 -0.529312463357
0.567589468215 -0.0547344225088 0.715190419202 -0.414773837538 0.215976306724 0.31641772465
-0.295948130281 0.208176658494 0.318530189236 -0.904821089454 -0.137699641803 0.520044643244
1.78319715796 1.07843300094 1.16493052928 1.68673702945 0.545290568411 1.26377916335
0.451659547541 0.19692038544 -0.791975833424 0.288295958399 0.187639151229 -0.739170938991
2.687803352 1.88512325637 1.37856250459 2.687803352 1.88512325637 1.37856250459
-1.06900944971 0.593106587865 0.315271103476 -1.08922856554 0.303308281948 0.241637217182
-0.596823764056 -1.50501103173 0.671927777096 -0.629620178524 -1.37388437057 0.656394462264
-1.33020961205 0.464194101418 0.16703653907 -1.06900944971 0.593106587865 0.315271103476
0.678548059875 2.5883879476 -0.69834137262 0.678548059875 2.5883879476 -0.69834137262
3.79119412339 5.73266876146 3.07009780545 3.79119412339 5.73266876146 3.07009780545
-1.41516371647 1.43478518296 -1.62522629417 -1.41516371647 1.43478518296 -1.62522629417
3.79241853951 0.0596207620794 -1.10881371842 3.79241853951 0.0596207620794 -1.10881371842
0.215503685123 0.317674746908 -0.784099135242 0.18734176183 0.417149649327 -1.14830475265
2.0131888259 -2.99597097463 -2.79507450233 2.0131888259 -2.99597097463 -2.79507450233
0.830912910827 -1.73605683712 1.94628572308 1.09320822611 -1.44014168303 2.65041289986
0.113876654064 0.54727907625 -0.070357099049 0.53403656846 0.458340871971 -0.541589573825
-1.00902320136 -2.37806136725 0.922108414395 -1.00902320136 -2.37806136725 0.922108414395
0.557466190185 -0.552615272938 0.789548372804 0.338242711686 0.131601985245 0.697931143254
1.09320822611 -1.44014168303 2.65041289986 0.561570302008 -1.45017112059 2.26163443759
-3.14657614404 -1.55997241639 3.27304928056 -3.14657614404 -1.55997241639 3.27304928056
-1.93486432588 1.47539062073 -1.81861357937 -1.80186270043 1.62556210492 -1.97467079119
1.36719897291 1.45599981602 0.990548970431 1.36719897291 1.45599981602 0.990548970431
-1.93675713216 0.219326596776 -0.245727378945 -2.20606139387 0.382331122723 -0.671628194519
3.35335023128 -3.00329354951 2.470195384 3.35335023128 -3.00329354951 2.470195384
-2.01093125425 -2.92996016748 -2.19048682088 -2.01093125425 -2.92996016748 -2.19048682088
-0.833940153838 -1.05409902524 -3.13034702647 -0.833940153838 -1.05409902524 -3.13034702647
0.258088361396 0.843742434373 0.746273736053 0.258088361396 0.843742434373 0.746273736053
1.60770849479 -0.328750216299 0.607304582019 1.60770849479 -0.328750216299 0.607304582019
-0.864269394405 -0.23682063911 1.46089724734 -0.864269394405 -0.23682063911 1.46089724734
-0.375533771394 1.54491144528 -2.11609473803 -0.375533771394 1.54491144528 -2.11609473803
-1.78971577284 0.831262095864 0.470088068031 -1.55931520602 1.23299243052 0.502735814313
-0.607118630942 -0.729810756492 -3.29167432185 -0.607118630942 -0.729810756492 -3.29167432185
2.04547905371 2.00236621603 -0.186203891846 2.20985896382 2.30987759056 -0.146930739923
1.68673702945 0.545290568411 1.26377916335 1.78319715796 1.07843300094 1.16493052928
0.00790601617508 -0.556705100502 2.02036803262 -0.309188883402 -0.537756027881 2.10497290839
-0.965014807018 0.956102209401 0.10730515494 -1.33020961205 0.464194101418 0.16703653907
0.641519416409 0.0841598406529 0.817762960672 0.36942921994 -0.174491205766 0.190694686339
2.12214013093 2.30500974288 -1.81727049257 2.41530619972 1.5117673277 -1.83081744347
-0.151587963943 0.994273701445 0.719230969087 -0.0288574284847 1.04196498911 0.307234741268
5.11807183559 -0.491880592006 0.568135243052 5.11807183559 -0.491880592006 0.568135243052
-3.06569997227 -0.943225806748 0.745053915938 -3.06569997227 -0.943225806748 0.745053915938
1.692903306 -1.91860230843 -1.08170253352 1.692903306 -1.91860230843 -1.08170253352
2.28305038274 -2.08412554213 -0.539918803475 2.28305038274 -2.08412554213 -0.539918803475
-0.739876378954 -0.249745445084 0.00596346274634 -0.350129910037 0.380120002919 0.431263772784
3.12549281099 0.443881025072 0.145150273349 3.12549281099 0.443881025072 0.145150273349
1.0936443611 -0.204022422642 -1.93371132318 1.0936443611 -0.204022422642 -1.93371132318
0.408812433611 -0.786890414967 -0.101293357179 0.662554284016 -0.515453344313 0.427953135536
0.802968491365 1.17959622673 0.0604787115219 0.802968491365 1.17959622673 0.0604787115219
-0.553906027511 -0.213133698677 0.872037042075 -1.04986046109 -0.00266580702627 0.587172258856
4.20360885853 4.72639158849 1.67822220884 4.20360885853 4.72639158849 1.67822220884
1.47353244566 -2.99075695515 2.66823325813 1.47353244566 -2.99075695515 2.66823325813
2.00784260981 -0.561115973631 0.841827198253 2.00784260981 -0.561115973631 0.841827198253
-0.342868478981 -0.246575653357 0.937131857027 -0.62166207774 0.0271906615312 1.02627567534
-3.28004329412 1.24771632182 0.418707791189 -3.28004329412 1.24771632182 0.418707791189
-0.357640321635 -1.15953617223 -1.32793483546 -0.357640321635 -1.15953617223 -1.32793483546
2.06941680066 -0.103238988173 -0.122346103137 1.60514308765 0.406273946225 -0.0999350639209
-0.805417186809 -0.862546348945 6.26789085549 -0.805417186809 -0.862546348945 6.26789085549
-4.17649626411 0.410229528544 -6.78378978118 -4.17649626411 0.410229528544 -6.78378978118
2.14158504024 1.11133286061 -2.43182894442 2.14158504024 1.11133286061 -2.43182894442
-0.0426802108826 0.073506810747 0.510723311696 -0.0634064055447 -0.684219391151 0.152632250002
-1.49452966429 -1.29178765085 0.16042252609 -1.5893135141 -1.32424820777 -0.0126550445225
0.00878069074848 0.869827644194 -0.325872835296 -0.244042150257 0.65899087907 -0.618863542449
-0.310552785884 0.280473771928 1.52780119589 -0.310552785884 0.280473771928 1.52780119589
3.06391871275 3.07850638641 1.48141936119 3.06391871275 3.07850638641 1.48141936119
1.25076167206 1.70061661333 -0.814734169019 1.25076167206 1.70061661333 -0.814734169019
-3.79582497843 1.04729703984 2.26448204245 -3.79582497843 1.04729703984 2.26448204245
-1.5893135141 -1.32424820777 -0.0126550445225 -1.49452966429 -1.29178765085 0.16042252609
-1.80186270043 1.62556210492 -1.97467079119 -1.93486432588 1.47539062073 -1.81861357937
-1.01031326436 0.382880767849 4.37359361614 -1.01031326436 0.382880767849 4.37359361614
-2.02486424749 1.78996367416 4.46466508433 -2.02486424749 1.78996367416 4.46466508433
-0.223084023618 -2.42630769687 0.106762052195 -0.515476720658 -2.13470946704 0.259729171693
-0.71479854323 -0.066575731925 0.579441064146 -0.342868478981 -0.246575653357 0.937131857027
-0.681077856547 0.730379192872 0.624556682406 -0.816937830602 0.978562724748 0.327591576814
0.42262495127 0.460868927683 0.0307779791737 0.54877377428 0.721931275925 0.608328618217
1.12248279616 -2.67637316287 3.94297470946 1.12248279616 -2.67637316287 3.94297470946
-0.558050067648 0.0840460573113 2.93084008026 -0.558050067648 0.0840460573113 2.93084008026
-0.9268719451 2.82157919212 3.94278122478 -0.828146513716 2.89519510815 4.25495339327
0.832520412184 -0.0628715062319 1.58459951301 0.567589468215 -0.0547344225088 0.715190419202
0.536147945168 -0.891684747203 -0.31789283849 0.262096286903 -0.958243419846 0.366406833791
-0.215380555615 -4.87851364482 0.95301516268 -0.215380555615 -4.87851364482 0.95301516268
-1.70254642436 1.08442151232 4.45847318554 -1.70254642436 1.08442151232 4.45847318554
0.142074181111 0.943911116546 -0.995092156394 0.340823778851 1.17541439327 -1.23813153535
0.732447263393 -1.50357502822 1.82081194694 0.92389860992 -1.34487369382 1.63523242662
-1.32822705627 1.15444918991 -0.664652396476 -1.32822705627 1.15444918991 -0.664652396476
-1.73769667048 1.98141053267 3.91405705415 -1.73769667048 1.98141053267 3.91405705415
1.27443112827 -1.03325466998 2.04727185777 1.27443112827 -1.03325466998 2.04727185777
0.444831989774 0.0334358727367 0.870832591117 1.14202790223 -0.0800083859654 1.14297442086
1.05570785599 0.263357391223 1.0543284105 0.786024531629 -0.0744231211422 0.51164994766
-0.666535200789 -1.07507015264 -0.0257121511266 -0.941315651401 -0.69863393033 -0.0441864630459
0.890225314247 0.28413375055 0.0936440521704 0.912070050784 -0.116454326094 -0.114096482661
-0.767403331209 -1.92862643703 2.65436855042 -0.767403331209 -1.92862643703 2.65436855042
0.564851924077 -0.860530829397 -0.584318730579 0.817683245554 -1.02745142357 -0.677289150773
-0.77381698996 1.00743940207 -2.91174583072 -0.77381698996 1.00743940207 -2.91174583072
3.7330707113 1.06564620667 1.62106403998 3.7330707113 1.06564620667 1.62106403998
2.23233574465 0.968167116827 -3.46050703905 2.23233574465 0.968167116827 -3.46050703905
-0.873569755353 -3.62096664329 -2.26742596476 -0.873569755353 -3.62096664329 -2.26742596476
-0.895124165993 0.0465151757007 -0.164560624653 -0.706372736584 0.237524681848 0.247604097491
-0.609468947137 -0.616809472456 0.40461310133 -0.609468947137 -0.616809472456 0.40461310133
0.288295958399 0.187639151229 -0.739170938991 0.0120489136601 -0.575332404109 -1.03196264819
-1.27930705332 0.487961003504 -3.47330815911 -1.27930705332 0.487961003504 -3.47330815911
-0.894547695479 0.216267027976 1.2049524847 -0.620194064154 0.354034533957 1.11288393583
0.0861287202583 0.0274236382091 0.0498537694732 0.170206566648 -0.155708072154 0.252232111378
3.42429146753 6.37887725458 -5.48844987294 3.42429146753 6.37887725458 -5.48844987294
-0.878983857867 -3.95099030436 2.33637026574 -0.878983857867 -3.95099030436 2.33637026574
-0.0137557120207 1.70299836797 2.66182552097 -0.0137557120207 1.70299836797 2.66182552097
4.55111975561 3.5735259662 -3.43654147398 4.55111975561 3.5735259662 -3.43654147398
-1.30876774251 0.982142806308 -0.804425728688 -0.935546391345 0.8590892528 -0.518166292351
-1.64186648086 2.54966969734 3.63503390773 -1.64186648086 2.54966969734 3.63503390773
0.92389860992 -1.34487369382 1.63523242662 0.857184160188 -1.3013373635 1.11023945336
1.28367588612 -0.0030915339397 -0.615446963754 1.28367588612 -0.0030915339397 -0.615446963754
0.17163233771 1.96645078672 0.698300531562 0.17163233771 1.96645078672 0.698300531562
0.259208533149 0.922258485992 -1.28492614894 0.215503685123 0.317674746908 -0.784099135242
0.89999198592 -1.02331562571 0.105207518524 0.61122893936 0.157129492274 0.333121081476
0.817683245554 -1.02745142357 -0.677289150773 1.39778181411 -0.65354014857 -0.27400392206
-0.657334351927 2.72930250769 3.94882114965 -0.9268719451 2.82157919212 3.94278122478
1.78771450967 -2.5095297288 3.68673991075 1.78771450967 -2.5095297288 3.68673991075
-0.543146031168 0.145645347554 -7.78330716658 -0.543146031168 0.145645347554 -7.78330716658
-0.752099272419 -0.445984977816 -0.280190639589 -0.895124165993 0.0465151757007 -0.164560624653
-0.541893305025 0.309626084328 0.713981401293 -0.182853787577 0.16716868344 1.2137930763
-3.90003059912 -1.63215455065 -1.06830376441 -3.90003059912 -1.63215455065 -1.06830376441
1.96656407373 -2.36058551141 1.06800635038 1.96656407373 -2.36058551141 1.06800635038
-2.93959107701 -0.581274146044 -4.30446796394 -2.93959107701 -0.581274146044 -4.30446796394
-0.721788981414 2.0779775453 0.0899117420089 -0.721788981414 2.0779775453 0.0899117420089
2.68863317542 0.935275043768 1.10975851381 2.68863317542 0.935275043768 1.10975851381
-2.11958036524 -2.51330687997 0.433179263674 -1.95030168065 -2.69445136962 0.828365086991
-2.58476998741 -0.998344686618 1.70793995157 -2.58476998741 -0.998344686618 1.70793995157
4.0864431959 -2.61717196803 -2.4340389575 4.0864431959 -2.61717196803 -2.4340389575
-4.17584028102 -2.90391963165 -3.37276810036 -4.17584028102 -2.90391963165 -3.37276810036
3.05213343038 -1.47637386753 -6.93296979604 3.05213343038 -1.47637386753 -6.93296979604
1.77157624065 0.375498248875 2.36091895973 2.23678498357 0.349982919884 2.14393604499
-0.816937830602 0.978562724748 0.327591576814 -0.292478751899 0.4819210566 0.29969770551
-0.433218253028 0.17097215392 0.527073233286 -1.06783435734 -0.220804131176 0.372112647288
-0.264937580719 0.320208127206 1.34472213796 0.444831989774 0.0334358727367 0.870832591117
1.64283747156 -1.16434295842 -3.92061689047 2.21512312395 -1.39885622126 -3.61089987391
0.556562831453 1.10730938832 0.339260901549 0.556562831453 1.10730938832 0.339260901549
0.0120489136601 -0.575332404109 -1.03196264819 0.451659547541 0.19692038544 -0.791975833424
-1.1747613227 -0.501750728533 0.432470355132 -1.27263066777 -0.0913720258118 0.115555517501
1.09974377244 -0.83759894581 -2.42617245727 1.09974377244 -0.83759894581 -2.42617245727
-0.955048261559 0.577286290897 -1.71835877622 -1.27478960451 0.221892465884 -1.56426815873
-0.856160908191 -0.0754109549648 0.996952342689 -0.85618635328 -0.299366204761 0.41474916588
-0.0288574284847 1.04196498911 0.307234741268 -0.454433627522 0.918502056553 0.911716992114
-0.904821089454 -0.137699641803 0.520044643244 -1.30432467607 -0.226697345324 0.186567471939
0.691453019373 -0.506433251567 0.322518364958 0.590610234806 -0.633442001596 0.608350308352
1.53725650646 0.235403135319 -5.38610238274 1.53725650646 0.235403135319 -5.38610238274
-1.13081272315 1.24129216585 0.470819906122 -0.965014807018 0.956102209401 0.10730515494
0.433364982663 -0.666231780196 0.359876861597 0.536147945168 -0.891684747203 -0.31789283849
-4.46664429982 1.08782963169 -3.66301531046 -4.46664429982 1.08782963169 -3.66301531046
-1.9494053132 2.56222536555 0.590238179756 -1.9494053132 2.56222536555 0.590238179756
0.18734176183 0.417149649327 -1.14830475265 0.695279083087 0.659756553057 -1.28586545573
0.590610234806 -0.633442001596 0.608350308352 0.557466190185 -0.552615272938 0.789548372804
-0.747825044524 1.61159199727 -3.64180740626 -0.747825044524 1.61159199727 -3.64180740626
-0.202696186623 1.28786256196 0.718308104808 -0.160462045931 1.04271947704 0.141193650973
-0.368987718756 -1.99483654271 1.23133384821 -0.368987718756 -1.99483654271 1.23133384821
-2.99472476937 -0.550610988128 -0.509446716219 -2.99472476937 -0.550610988128 -0.509446716219
0.61122893936 0.157129492274 0.333121081476 0.877190517067 0.0416068315039 0.665825982924
-1.27263066777 -0.0913720258118 0.115555517501 -0.258231788771 -0.35914591471 0.493139860446
5.84320663141 1.684027613 -0.843439593973 5.84320663141 1.684027613 -0.843439593973
-1.51244259814 -0.98417050392 -0.26539136491 -1.51244259814 -0.98417050392 -0.26539136491
-2.20606139387 0.382331122723 -0.671628194519 -3.11166399989 0.0484207435706 -0.473138662
-0.935546391345 0.8590892528 -0.518166292351 -1.23588077146 0.631544179556 0.0486561880372
-4.19019375602 2.76725006071 1.37691302834 -4.19019375602 2.76725006071 1.37691302834
-0.638032922303 0.984038530335 4.4421070145 -0.638032922303 0.984038530335 4.4421070145
2.72747846067 -2.19639930699 3.973181962 2.72747846067 -2.19639930699 3.973181962
1.42638781498 -2.60678862242 -2.06701047017 1.42638781498 -2.60678862242 -2.06701047017
-1.04986046109 -0.00266580702627 0.587172258856 -1.33144582611 0.229301197731 0.393632082968
-1.37565259671 2.76067439168 1.09854274032 -1.37565259671 2.76067439168 1.09854274032
-1.33144582611 0.229301197731 0.393632082968 -0.962545474725 -0.0608063805543 0.683366552722
0.20354092759 -1.92367729141 -0.751058169631 0.20354092759 -1.92367729141 -0.751058169631
2.41530619972 1.5117673277 -1.83081744347 2.12214013093 2.30500974288 -1.81727049257
-1.4215955955 -1.53226823341 -0.254606474379 -1.4215955955 -1.53226823341 -0.254606474379
-2.12882811457 -2.24981198479 -2.20898836051 -2.12882811457 -2.24981198479 -2.20898836051
0.155955429713 -0.673094726226 -0.876626533005 0.155955429713 -0.673094726226 -0.876626533005
-3.52018537014 2.79320559881 1.09694948892 -3.52018537014 2.79320559881 1.09694948892
-1.22551266154 5.47483451188 -1.42348168112 -1.22551266154 5.47483451188 -1.42348168112
2.28596246437 -5.49201099681 1.81734717813 2.28596246437 -5.49201099681 1.81734717813
0.390491239326 1.79968271842 3.92557800655 0.390491239326 1.79968271842 3.92557800655
0.54877377428 0.721931275925 0.608328618217 0.0449521175351 0.668735583376 0.371650651061
0.151815902054 -3.76699398773 2.4267616238 0.151815902054 -3.76699398773 2.4267616238
-1.95784186005 0.102201258251 -6.18645670004 -1.95784186005 0.102201258251 -6.18645670004
-1.06783435734 -0.220804131176 0.372112647288 -0.71479854323 -0.066575731925 0.579441064146
0.344297157829 2.25528472207 -0.533500662732 0.344297157829 2.25528472207 -0.533500662732
0.229519768738 -0.499671075123 1.87144150691 0.229519768738 -0.499671075123 1.87144150691
-0.383717610099 1.16430075022 0.0319213010007 -0.186202406397 0.794381555792 0.688508274468
0.34592146123 0.918932763028 -0.00539427454357 0.258716278744 1.01462522489 0.227692655123
2.2392215131 -3.43139072319 1.67749379812 2.2392215131 -3.43139072319 1.67749379812
2.52620936594 -1.17528533004 0.328483038507 2.31389350184 -0.852197145711 0.671158238888
-3.25817790121 6.00738945242 -0.802123615452 -3.25817790121 6.00738945242 -0.802123615452
-0.287923834584 -1.15965325709 0.414853108357 -0.287923834584 -1.15965325709 0.414853108357
0.635604295952 -2.60934870318 0.935583853026 0.635604295952 -2.60934870318 0.935583853026
-0.0515723919277 -2.60871891443 0.680461058168 -0.0515723919277 -2.60871891443 0.680461058168
0.0252100788857 1.53094119981 2.21618441515 -0.227555057642 1.83866369022 2.09751185288
0.857184160188 -1.3013373635 1.11023945336 0.732447263393 -1.50357502822 1.82081194694
1.56760925797 -0.149975582856 0.247974494084 1.56760925797 -0.149975582856 0.247974494084
-3.63455359593 -2.30766276702 -0.385799335662 -3.63455359593 -2.30766276702 -0.385799335662
-1.12333580047 -1.40986396548 -0.858674811181 -1.12333580047 -1.40986396548 -0.858674811181
-0.754861624546 -0.454932170881 0.410581832192 -0.938689884852 -0.68461549679 0.601467556688
-2.82563742103 -1.2465455689 6.69273944868 -2.82563742103 -1.2465455689 6.69273944868
-4.02877511393 2.58421425738 0.438398081486 -4.02877511393 2.58421425738 0.438398081486
-0.607249593736 -0.780305813475 3.19649348119 -0.607249593736 -0.780305813475 3.19649348119
0.411762321583 -0.495595408051 -0.203170353978 0.411762321583 -0.495595408051 -0.203170353978
-0.580668007054 0.36009516292 0.990430378347 -0.681077856547 0.730379192872 0.624556682406
-0.292478751899 0.4819210566 0.29969770551 -1.07122860626 0.917128053314 -0.17826110785
0.823563653064 -0.0541290184002 0.593497209849 1.05570785599 0.263357391223 1.0543284105
-2.89810821829 -0.59916991607 0.124224294494 -2.89810821829 -0.59916991607 0.124224294494
-0.0992783650757 -0.91601879969 -5.93687822001 -0.0992783650757 -0.91601879969 -5.93687822001
-0.732529799845 0.587653629382 -0.951026270106 -1.30876774251 0.982142806308 -0.804425728688
-1.17066791598 0.188597516074 1.7812797965 -1.17066791598 0.188597516074 1.7812797965
-0.421289051762 1.14225792233 -3.88033713615 -0.421289051762 1.14225792233 -3.88033713615
2.68760801269 1.76189937787 2.79313457085 2.68760801269 1.76189937787 2.79313457085
2.08859530727 4.79281839133 -1.45678134493 2.08859530727 4.79281839133 -1.45678134493
-0.350129910037 0.380120002919 0.431263772784 -0.383717610099 1.16430075022 0.0319213010007
-0.444108386301 1.46384617273 0.526841343271 -0.464294698775 1.56126057723 0.818441025198
-1.85783608149 3.94291103394 -5.19034432839 -1.85783608149 3.94291103394 -5.19034432839
3.17057889957 4.85174562525 2.12525067313 3.17057889957 4.85174562525 2.12525067313
4.3606235005 0.57177836308 0.0552807582398 4.3606235005 0.57177836308 0.0552807582398
-0.309188883402 -0.537756027881 2.10497290839 0.00790601617508 -0.556705100502 2.02036803262
0.561570302008 -1.45017112059 2.26163443759 0.830912910827 -1.73605683712 1.94628572308
2.43015682348 -0.915598735516 -1.50275795131 2.43015682348 -0.915598735516 -1.50275795131
-0.941315651401 -0.69863393033 -0.0441864630459 -0.752099272419 -0.445984977816 -0.280190639589
-1.39027531186 1.0310198234 -2.33958933581 -1.39027531186 1.0310198234 -2.33958933581
-0.62166207774 0.0271906615312 1.02627567534 -0.856160908191 -0.0754109549648 0.996952342689
2.31389350184 -0.852197145711 0.671158238888 2.52620936594 -1.17528533004 0.328483038507
0.674681845081 -0.524295539719 0.29964125212 0.89999198592 -1.02331562571 0.105207518524
0.903172294458 -0.0349427955107 0.289532318033 0.823563653064 -0.0541290184002 0.593497209849
3.52555076394 0.953844327643 -0.0334004449234 3.24755529327 0.92404261569 0.475366417009
1.47123910531 2.85677715121 2.52972051483 1.47123910531 2.85677715121 2.52972051483
-1.39307278516 -1.81257129538 0.941526434129 -1.39307278516 -1.81257129538 0.941526434129
1.80663047566 0.355481873353 -0.540350407381 2.06941680066 -0.103238988173 -0.122346103137
-2.16016117025 2.59790581938 0.699555740942 -2.16016117025 2.59790581938 0.699555740942
0.53403656846 0.458340871971 -0.541589573825 0.00878069074848 0.869827644194 -0.325872835296
