-0.993739043939 -0.039855125749 -0.104375674866
0.300222447419 -0.952930214689 -0.0423141583741
0.178906159625 -0.609855530941 -0.772054931614
0.703312770504 0.300035160699 -0.644461053277
0.0224365938348 -0.729645104327 0.683457841413
-0.015828669932 0.160855700792 -0.986851000268
-0.749696261172 0.374185500665 0.545839470061
0.752754713985 -0.44481306774 0.485285148487
-0.500276414058 -0.859226077249 -0.10702363156
-0.349084202994 0.92984812232 0.116287095748
0.455162394562 0.872646116925 0.176963129473
0.100418606194 0.830179357087 -0.548377915854
0.847582867493 -0.425236469567 -0.317454292274
-0.186601476721 -0.00804877894343 0.982402720906
0.514327425125 0.343755964148 0.785683865735
-0.586621777921 -0.350931683041 -0.729877964804
0.962036747826 0.245304594897 0.119628389423
-0.63524952124 0.497377733157 -0.590824370117
-0.717246345417 -0.433721054234 0.545384018009
