0.739181727273 -0.0692684435617 -0.669934516794
0.611710614288 0.353915922635 0.707498158353
-0.0329641122449 0.210817997413 -0.976969364551
-0.127977191848 -0.978074938877 -0.164290146716
0.781246026636 0.590031548288 -0.203758233921
0.511950806502 -0.626316826436 0.587906118903
-0.629838065292 -0.273888614192 -0.726834945861
0.0226730314088 -0.121102742943 0.992381005108
-0.813602974958 -0.581417492397 -0.00197450601288
0.982167548421 -0.106033967363 0.155253678201
0.0811815367363 0.858416846509 -0.506487981814
-0.318174717328 0.57276522812 0.755450092799
-0.967106394251 0.196147421753 -0.161961140828
0.641014013867 -0.734874738027 -0.221495267301
-0.528041959705 0.848849053022 0.0250394483634
0.118599039139 -0.566777392058 -0.815289921296
-0.293128255047 -0.749545306848 0.593512981387
-0.762527826996 -0.0928526824442 0.640257520392
0.233503764154 0.929842712056 0.284373913997
