0.839222062996 0.167100520837 -0.517478255501
-0.781676459386 -0.620512830443 0.0628151263442
0.530841745426 -0.835160935373 0.143920996867
-0.683270503502 0.729581755185 0.0291870098665
0.180920383984 0.0853816236465 -0.979784564587
0.767093240108 0.624918839737 0.145066897405
-0.936267050577 0.0596198327859 -0.346192844442
-0.263779405803 -0.0499622644384 0.963288221254
-0.418734290011 0.559079805339 -0.715605593628
0.372796295606 0.428449747488 0.823075777714
-0.167754085352 -0.8177083451 0.550646555607
0.964491020309 -0.156228767884 0.212954558132
0.459353429151 -0.375260878085 0.805092355265
-0.135829068696 -0.944081041421 -0.300435436202
-0.446767029952 -0.392932310806 -0.803743379489
0.0446009231884 0.95229924305 0.301888902308
0.525355157294 -0.575074589751 -0.627129312763
0.327992458519 0.793508360888 -0.512606504403
-0.884388161828 0.075932443518 0.460534301914
