0.999327622217 -0.0366492328931 0.00106639722235
0.681345125601 0.232210821137 0.694151967776
0.436196647096 -0.878702471352 -0.193944455715
-0.579840472807 0.795942813917 0.173954198192
-0.0636305203403 -0.626092087418 -0.777148541113
0.117870802165 0.973922004484 -0.193861814647
-0.604115512114 -0.776544029769 -0.178951998741
0.0467973120997 0.146615702045 -0.988085951471
-0.992785086181 0.11862809082 0.0174685066642
0.663901721321 -0.283754892133 -0.691894258986
0.692630761641 0.504750140916 -0.515257142865
-0.719031780671 -0.424362518097 0.550372375414
0.0286545843952 -0.291513441413 0.956137452602
-0.707439822381 -0.144426629163 -0.691859701455
-0.0749162563204 -0.898631410774 0.432260502601
0.110510604576 0.796178873488 0.594883692572
-0.495505951324 0.307140939457 0.812488951009
-0.48222348586 0.627900815725 -0.610901854063
0.652639446503 -0.555728149294 0.515002890236
