0.58027780447 0.69730898804 -0.420758653908
0.114346616511 -0.965956556116 0.232062024012
0.989670239866 0.143337924789 0.0026562455687
-0.952862411773 -0.168386196098 -0.252387228668
-0.0207340814795 0.441208092382 -0.897165267429
-0.177671895312 0.94264233121 -0.282591813448
0.688520910747 -0.0444341413716 -0.72385396493
0.216649362213 -0.69961146713 -0.680886810647
-0.722650197539 -0.545126805236 0.424986421207
0.191577893679 0.274598471839 0.942281056754
-0.482608104254 -0.82476784772 -0.294698854892
-0.0482750669148 -0.493995928572 0.868122998468
-0.216156788884 0.828296855811 0.51691446224
-0.432367086772 -0.25399103016 -0.865186256753
-0.818826489395 0.572468653975 0.0424596335408
0.710314814446 -0.290045493933 0.64134739091
-0.594477317839 0.166577790292 0.786669281437
0.771477327706 -0.628818888936 -0.0970027718858
0.574700466939 0.720840752281 0.387437715188
