-0.738890105615 0.626183998323 -0.24886745884
0.610669550447 0.748891269692 0.257380198027
0.703666320668 -0.631712299394 0.325258789202
0.996379660112 0.0695213919197 0.0489320853859
-0.783578040246 0.353418723918 0.510980097879
0.634949990965 0.0389978535327 0.77156832257
0.663703953178 0.536680629026 -0.52102875637
0.313943084405 -0.888356418024 -0.335056136058
-0.159605985949 0.86626653163 0.473400702817
-0.000564029573923 0.949083604458 -0.315023798498
-0.573378294575 -0.400246229686 0.714870818353
-0.0201531557671 -0.423191068426 -0.905816300316
-0.0489071618821 -0.920873891064 0.386780772884
-0.127384356467 0.225757392419 0.965819250945
-0.964458334689 -0.263436013801 0.0205325907152
-0.702980727904 -0.0368386504621 -0.710254186913
0.725077263597 -0.261125225307 -0.637241381678
-0.0274209256806 0.389074544898 -0.920798073058
-0.488686191553 -0.79418043856 -0.361196950698
