0.411331117833 0.0632823082775 -0.909286567019
-0.0427767435751 -0.602459081347 -0.797002638334
-0.27108048414 -0.720212046747 0.638600014751
0.947622816122 0.199306036686 -0.249575844395
-0.765172219274 -0.290763894391 -0.574428265818
0.335362354029 -0.257246661164 0.906287066453
-0.442181090816 -0.886878896161 -0.133871977909
0.419595855147 0.759150303796 -0.49762449155
0.871957589424 -0.376236557037 0.313266684144
-0.928480809831 0.353472378718 -0.113932713733
-0.421307464685 0.0277392309082 0.906493549491
0.319819325712 -0.938294038356 0.13160507774
-0.349695904577 0.334283963073 -0.875195410382
0.724109652624 0.372430660189 0.58048308703
0.233055695686 0.934417108885 0.269350532449
-0.893728327488 -0.354813530084 0.274512359493
-0.513955866563 0.70961821777 0.481966131834
0.703235980481 -0.542187504941 -0.4598824472
-0.350327514798 0.890987614167 -0.288810844283
