-0.09880047737 0.552124774952 0.827886887537
0.0589076563777 -0.245056562034 0.967717504969
0.192893582231 -0.866483560675 0.460432736688
0.850237822224 -0.416518727973 0.321881647361
-0.564621612101 -0.603161482538 0.563381452598
0.435882737233 0.869504791456 0.23230939933
-0.611083898891 -0.0180462054934 -0.791360096911
-0.901371212016 0.400917954323 -0.163690965083
-0.367893267564 0.916340360631 0.158034449281
0.499429766947 -0.817724472927 -0.286175810061
0.7323666824 -0.142870552574 -0.665752993022
-0.778136696388 0.175687690363 0.603023313968
-0.315314363112 0.715493734981 -0.623414442901
0.952000838893 0.304700055918 -0.0291938122003
0.488110504281 0.625775051954 -0.608402596939
0.646406500526 0.258276913615 0.717949630526
0.0345975588488 -0.498985490594 -0.865919447234
-0.901646741985 -0.407425085995 -0.145044655088
-0.293176285677 -0.938639274157 -0.181669971448
