-0.843342916696 -0.0197655768831 0.537012147748
-0.423731128532 -0.376884908382 -0.823656297582
-0.28850895504 0.495897411778 0.819053319298
-0.280151320986 -0.927046872997 -0.249197376825
0.0045112232988 -0.242055442996 0.970251931913
-0.714822839418 0.681594128432 0.156389744979
0.0353716541589 0.967985666074 0.248500696894
-0.0742345470027 0.343149965643 -0.936342529799
0.329800324086 -0.639274029873 -0.694665718863
-0.453702088041 -0.727560641905 0.514596859356
0.927267264104 0.374360972223 -0.00541141371294
-0.896280814891 -0.410122597152 -0.168760647557
0.73294853402 -0.276239542608 0.621673677726
0.320412918458 -0.896693144787 0.305412779329
0.892902913922 -0.421955111457 -0.157093189619
0.390867891954 0.798759637487 -0.45738969442
0.668415155873 0.0933695741348 -0.737904670012
-0.782186479887 0.293667882157 -0.54949384498
0.51113476177 0.496906054511 0.701302807852
