-0.587665186971 0.129222665126 -0.798718430262
-0.338890867468 0.829959457276 0.443080443288
0.805453365556 0.339519257782 -0.485769028973
-0.0280346398083 -0.700517688012 0.713084165967
-0.306890040301 0.187583784911 0.933076002694
-0.926295346904 0.336656913873 0.16923076743
-0.495762514095 0.795094894892 -0.349347445581
0.381252362119 -0.210010338987 -0.900301223978
-0.748218089761 -0.371154608328 0.549921764319
0.272595563983 0.95020244135 -0.15101979655
-0.368044394818 -0.929667114418 0.016198142245
0.104189780832 0.546428659952 -0.830999524159
0.690885290574 -0.633000020542 0.34926850597
0.950784379905 0.129637940304 0.281430395237
0.455920184864 -0.0764968123441 0.886727141084
0.406941638459 -0.829858391475 -0.381750642418
-0.293494213767 -0.620520201719 -0.727197239918
0.440986152605 0.675758777996 0.590661736675
-0.8942740844 -0.374282584169 -0.245329185296
