0.450291441458 0.532451236213
0.855625921781 0.293008235861
0.0437349990771 0.214444770102
0.132785196625 0.578424413255
0.557387874742 0.917284433578
0.690059898552 0.0880754538627
0.433251193277 0.773477194035
0.470702405268 0.307629187566
0.467634390449 0.657005194885
0.19303648363 0.0684470033179
0.382751548739 0.0824416719946
0.137601880081 0.279443056822
0.0392644091571 0.586329003695
0.265030447278 0.91403923485
0.105285413576 0.484964701834
0.372823072496 0.260283243581
0.264400543567 0.300419005492
0.562730223564 0.776372903678
0.541010272712 0.59521991727
0.961204975176 0.641324862233
0.466144233389 0.881521500191
0.584385764637 0.0646170608211
0.292350173926 0.450835083267
0.203855713095 0.508429781709
0.611368880032 0.684811827498
0.788700987693 0.990883597635
0.167756513594 0.837926406963
0.0152444830081 0.724724269052
0.0246977625466 0.371427058601
0.803979713479 0.421763313797
0.55512758436 0.503978938314
0.249471278885 0.146381787106
0.768719125811 0.571183584299
0.430496618382 0.972858212056
0.352469167658 0.694342946914
0.291622632109 0.572300398918
0.447129074103 0.182381838217
0.260503375626 0.790619133568
0.661850099898 0.793160606742
0.907829369648 0.969325238214
0.735638370984 0.318215786076
0.834107242901 0.0992247759175
0.372064055969 0.885363557397
0.290085628156 0.0303564036365
0.666485737449 0.574012555913
0.0689222803459 0.106331965945
0.174816181795 0.960258594228
0.935483096973 0.529068125991
0.95157659581 0.247253928239
0.901800488681 0.410996666324
0.628588028839 0.181454749498
0.767384791509 0.884562041459
0.553534952359 0.389749045459
0.384466607904 0.605802246712
0.868397731285 0.874809859739
0.106564736275 0.760368485967
0.658873690958 0.425479077949
0.926210540358 0.137826363426
0.641646816123 0.98179683811
0.978197433654 0.0555346494548
0.843581614326 0.779623613457
0.0769711739736 0.991432571785
0.194335214232 0.665335769639
0.717621955665 0.674262125799
