-5.05050505051 6.50707806192e-45
-4.94949494949 1.94181779401e-42
-4.84848484848 4.64942748232e-40
-4.74747474747 8.97265945084e-38
-4.64646464646 1.4019389205e-35
-4.54545454545 1.78144404667e-33
-4.44444444444 1.84923913412e-31
-4.34343434343 1.57517257322e-29
-4.24242424242 1.10587918204e-27
-4.14141414141 6.4277070084e-26
-4.0404040404 3.10664706987e-24
-3.93939393939 1.25408863528e-22
-3.83838383838 4.24690560706e-21
-3.73737373737 1.21179012323e-19
-3.63636363636 2.9261053609e-18
-3.53535353535 6.00554967659e-17
-3.43434343434 1.05221312996e-15
-3.33333333333 1.58061590231e-14
-3.23232323232 2.04456096619e-13
-3.13131313131 2.28718047453e-12
-3.0303030303 2.2222834957e-11
-2.92929292929 1.88350119663e-10
-2.82828282828 1.39851006684e-09
-2.72727272727 9.13612092953e-09
-2.62626262626 5.27370400212e-08
-2.52525252525 2.70138635086e-07
-2.42424242424 1.23319784749e-06
-2.32323232323 5.03861479834e-06
-2.22222222222 1.85045621113e-05
-2.12121212121 6.1346930403e-05
-2.0202020202 0.000184378847171
-1.91919191919 0.000504536686539
-1.81818181818 0.00126240527985
-1.71717171717 0.00290063161303
-1.61616161616 0.00614667327647
-1.51515151515 0.012064532656
-1.41414141414 0.0220280339315
-1.31313131313 0.0375759967177
-1.21212121212 0.0601438531424
-1.11111111111 0.0907182075195
-1.0101010101 0.129507221687
-0.909090909091 0.175734395006
-0.808080808081 0.227633754572
-0.707070707071 0.282660843404
-0.606060606061 0.337863972396
-0.505050505051 0.390313691885
-0.40404040404 0.437481518541
-0.30303030303 0.477488377563
-0.20202020202 0.509191604698
-0.10101010101 0.532126163281
0.0 0.546346708276
0.10101010101 0.552227955195
0.20202020202 0.550275252617
0.30303030303 0.540982652323
0.40404040404 0.524758871938
0.505050505051 0.501926306006
0.606060606061 0.472785682799
0.707070707071 0.437728384611
0.808080808081 0.397369101928
0.909090909091 0.352663980387
1.0101010101 0.304976249668
1.11111111111 0.256056211378
1.21212121212 0.20791834416
1.31313131313 0.162624619997
1.41414141414 0.122013916211
1.51515151515 0.0874416990857
1.61616161616 0.0596000426481
1.71717171717 0.0384690625327
1.81818181818 0.0234112449077
1.91919191919 0.0133749865051
2.0202020202 0.00714210994834
2.12121212121 0.00354923424977
2.22222222222 0.00163429941739
2.32323232323 0.000694280533236
2.42424242424 0.000270935578744
2.52525252525 9.67051357245e-05
2.62626262626 3.14349879817e-05
2.72727272727 9.26590120871e-06
2.82828282828 2.46606744007e-06
2.92929292929 5.9006361152e-07
3.0303030303 1.26387402471e-07
3.13131313131 2.41298434467e-08
3.23232323232 4.08870093351e-09
3.33333333333 6.12251471735e-10
3.43434343434 8.06715102427e-11
3.53535353535 9.31294056792e-12
3.63636363636 9.37903205484e-13
3.73737373737 8.2046380902e-14
3.83838383838 6.20745811642e-15
3.93939393939 4.0442742446e-16
4.0404040404 2.25920540264e-17
4.14141414141 1.07738562851e-18
4.24242424242 4.36711729825e-20
4.34343434343 1.49806356034e-21
4.44444444444 4.32988321695e-23
4.54545454545 1.04984863504e-24
4.64646464646 2.12603639336e-26
4.74747474747 3.58007298143e-28
4.84848484848 4.99078039605e-30
4.94949494949 5.73420022538e-32
5.05050505051 5.40592222652e-34
