0.00603838136177 0.536776652861
0.0855101287514 0.65165605961
0.779187683267 0.734463372359
0.853128699923 0.0486234179636
0.0919534651358 0.280657623818
0.0717274910667 0.835100336711
0.638537294067 0.924087825037
0.871031696346 0.686614135151
0.782884205572 0.282960725617
0.138161762971 0.42705909367
0.323610425282 0.174329219859
0.905844930505 0.586024723503
0.308786903656 0.732363839576
0.856114156649 0.899665500903
0.507938212938 0.541439039335
0.0664259832203 0.11790596402
0.868900898793 0.231604728931
0.769163417875 0.0221725720383
0.592447967406 0.787815034998
0.976085086867 0.0130851885818
0.754011585186 0.397353375788
0.148558512389 0.499438313168
0.472467830783 0.618259661892
0.266755358263 0.646858497756
0.177758956929 0.573608808019
0.421481141648 0.0727065284523
0.36617731224 0.328417860676
0.919185244853 0.95104013529
0.28698605142 0.234834427149
0.836743963139 0.781503689404
0.604170888071 0.412952203753
0.277047987617 0.102682552557
0.512723137081 0.124460344378
0.91652525521 0.732752057865
0.169679137095 0.0976177087685
0.293863790251 0.0354920702849
0.17451117486 0.767293947019
0.498031260483 0.0058492166494
0.179669507335 0.874364028256
0.444205135926 0.351232748172
0.73752118364 0.891059941851
0.406797484248 0.148251553539
0.82311201078 0.60448443172
0.957937715306 0.835568254218
0.140814666521 0.694371091391
0.666216304347 0.380958391462
0.441416687497 0.943019307147
0.626392614126 0.0562705498658
0.187950989224 0.241767851001
0.0862836725367 0.738045010087
0.0261229809889 0.417050559365
0.226827693531 0.300816663525
0.563943923069 0.474831763399
0.265329968567 0.501210640743
0.992912762532 0.63969773198
0.869185660057 0.383604683432
0.706821533593 0.586808094454
0.987888072999 0.305302898234
0.526170923334 0.720341945452
0.410000806852 0.482711844438
0.772395891313 0.556093957425
0.55186895907 0.31413754555
0.740463494777 0.0928909151244
0.277347454601 0.422901387615
