0.698920312139 0.812240022683
0.0048606635293 0.0201195417189
0.183718785193 0.0985371173746
0.893719881268 0.362336958419
0.264577385302 0.712177533043
0.104170586934 0.931695197199
0.622067789954 0.588461438896
0.811615184861 0.718916135086
0.802240274165 0.496807875548
0.898296364833 0.815437003827
0.3040039595 0.0742568155108
0.416353661477 0.830400491959
0.536370369643 0.849615296231
0.147917425727 0.533869766943
0.27988197549 0.198601273477
0.740100368906 0.448991538964
0.234530173161 0.898952159927
0.150957523843 0.702960367579
0.00503821839204 0.661918979119
0.767201307135 0.335708266343
0.167427620275 0.363316054635
0.655775153173 0.522207564833
0.720590725478 0.266369234379
0.443934114158 0.311304989182
0.6920894756 0.741539148743
0.324840764243 0.378296598161
0.757482425026 0.0427824680258
0.837273917658 0.77933058635
0.760682364147 0.206348296802
0.222329636616 0.64382415694
0.522136887119 0.0597846326471
0.173642785592 0.22637420362
0.293834800292 0.969990847768
0.370632287065 0.723712597381
0.53339288732 0.713029588494
0.60522404622 0.867159346606
0.0150457172916 0.270713235884
0.624378855463 0.0589645349042
0.938465956876 0.747982462094
0.178594011444 0.86139251028
0.519358513534 0.487638349745
0.417783646586 0.177152086088
0.942352657163 0.315946679612
0.130763261345 0.621363463797
0.148552452221 0.44425001119
0.656018637125 0.448710782833
0.729036804591 0.893382287702
0.31260019246 0.559309109388
0.0234569882568 0.514578001201
0.574723533413 0.11331256337
0.877621754378 0.669508856822
0.952253515255 0.398849849862
0.156248218244 0.00337779990503
0.243190649637 0.030473737804
0.848963048945 0.0576968412451
0.623687285158 0.24054523732
0.101866819146 0.0902533014034
0.352029957339 0.16680845915
0.226210764462 0.52340096974
0.668644926105 0.324229897123
0.284114168122 0.318982898578
0.472547343158 0.924581685356
0.902364289362 0.123604530133
0.988755841427 0.83104544567
