-0.0538506900274 -0.48149653016 0.874792086514
-0.656507333005 -0.713645726239 0.244351998419
-0.314665745744 -0.743244971415 -0.590400187095
0.428862654807 0.682390967944 -0.591962321588
0.980209799077 0.109517569501 -0.164908010005
-0.47218357104 0.634744015609 -0.611672060739
0.727623415083 -0.073213517833 0.68205860938
0.56865682695 0.767633219781 0.29558188891
0.0223821327398 -0.0128731532324 -0.999666605454
-0.849506770912 0.164462254704 0.50128875207
0.00536807413703 0.418458294526 0.908220149261
0.573803746378 -0.585619230406 -0.572537664806
-0.318678321001 0.91929707631 0.230948074711
0.205889947104 -0.965611927166 0.158754325281
-0.921061219866 -0.111048244514 -0.373248598992
