-0.0440906249043 -0.456749336966 -0.888502144047
-0.955258934912 0.237066063129 -0.176861666236
0.340601542409 0.767956510798 0.542432840849
-0.0396142407359 0.0861831653236 0.995491423341
-0.368289686365 0.38454032143 -0.846458178596
-0.707601483195 -0.675091452039 -0.208690374392
0.950531625505 0.303520995511 0.0660653782195
0.766609192001 -0.527721307768 0.365814936911
0.51718903011 0.486305870099 -0.704288369804
-0.119351668384 0.971004243429 -0.207137486944
-0.55419271897 0.652508398132 0.516820298178
0.774413479398 -0.359167986568 -0.520847502012
0.196381590275 -0.963592509606 -0.181449018822
-0.0577032603927 -0.750749031544 0.658062478322
-0.782545111504 -0.218181896075 0.583112175045
