-0.379323190652 0.267558733827 -0.885734859304
0.716221923481 -0.154769219233 0.680494412249
-0.0977960014779 -0.501205587498 0.859784217787
-0.913413061836 0.371844721262 -0.165553863553
0.0935500646655 -0.720085235773 -0.687550462601
0.514832012456 0.704069739192 0.489115325159
0.500328869669 0.0663206429807 -0.863291720388
-0.277998534972 -0.955283055633 0.100752658394
0.39105404126 0.830827173854 -0.395983514809
-0.745616164286 -0.454737217862 -0.487104299146
-0.29889178663 0.937894637688 0.176117428101
0.973049117213 0.204370358027 -0.106809045731
0.742317569842 -0.667156803027 -0.0621805892473
-0.230352232703 0.391117021099 0.891047318999
-0.855320579487 -0.32924697827 0.400028915963
