0.0798273866024 0.841687113765 -0.534032200219
0.971314576156 -0.0935744491833 0.218613395305
0.0821629937227 -0.177542861839 -0.980677202076
-0.0697145789882 -0.996850565036 -0.0377998474071
-0.656971907449 -0.567359091761 0.496479177628
0.208884750731 -0.637216417639 0.741837177556
-0.97711254071 0.182534331335 0.1092350707
0.435941070244 0.226826831488 0.870921909124
-0.749682209856 -0.526863003996 -0.400489649362
-0.628102885283 0.311110895642 -0.713229819982
0.648446711779 -0.623251924469 -0.437120007125
0.645308121691 0.74631889203 0.163050726704
-0.466397698778 0.240477630638 0.851260063516
0.767143987336 0.25894334881 -0.586888784013
-0.417283186448 0.882163228549 0.218318071869
