-0.914687446134 0.104116794332 0.390520894476
-0.313292660347 0.748469542102 0.584500687355
-0.206591874415 0.329652678016 -0.921221422516
0.82399491182 -0.238708472947 0.513858589729
0.578886177461 0.629853640188 0.517856336725
-0.664543946002 -0.730748617965 0.156165941146
0.105791860446 -0.77393424347 0.624366774458
0.204088290032 0.938542953214 -0.278361446405
0.0807895484364 0.0483095968606 0.995559757983
-0.201054112738 -0.760316290765 -0.617653933647
-0.851273779105 -0.144791501526 -0.504349456324
-0.671812968652 0.699968824247 -0.242303487868
0.576816328642 -0.803924468712 -0.144873640178
0.495902406015 -0.230645813961 -0.837187740122
0.937235765089 0.265528772851 -0.226016794568
