-0.501791168226 -0.591227948815 -0.631391428538
-0.907879434139 0.175033489851 -0.380943841659
-0.836166971432 -0.509502866934 0.203055717654
0.427097661887 -0.414651253698 0.803524688493
-0.212905043055 0.199772417479 -0.956432132384
-0.3322927311 0.870157170901 -0.363879154099
-0.0878243750122 -0.994193523842 0.0621781014843
0.26279738172 0.472115356492 0.841453876529
0.376004971308 -0.466353307578 -0.800708969641
0.749144893456 -0.662401406402 -0.00251105658916
0.932680635264 0.158957964545 0.32378881715
0.462572980783 0.884293821713 0.0636449081189
-0.419263103365 -0.116193419847 0.900398544724
-0.710026430377 0.578055132494 0.402137702737
0.775545398497 0.304269090418 -0.553127160322
