-0.859238331623 -0.510146266676 0.0382135586729
-0.476818530595 -0.416655406908 -0.77397826893
-0.288179059029 0.941095755652 -0.176894343127
0.795977097254 -0.595990001827 -0.105907404701
0.108784423307 0.383755363602 0.917004781968
-0.476231473316 -0.29768993985 0.827396086246
-0.149423923728 0.415357287817 -0.897301963932
-0.718842479475 0.500366368346 0.482596091085
-0.8784468726 0.28929454457 -0.38031534087
0.898823716506 0.267661084077 -0.347092884854
0.325458081143 -0.677067904922 0.660042490711
0.412362926439 -0.290260765235 -0.863542416482
-0.0515368672918 -0.986476515187 -0.155589319347
0.84900019978 0.0459003505888 0.526395116419
0.504848981289 0.829359538967 0.239353841033
