0.345960642904 -0.928659390648 -0.13380197952
-0.66080489461 0.70295657453 0.263037916629
0.0918572720084 0.101638207771 -0.990571509938
-0.51716548807 -0.847817623133 0.117239651376
0.790822545228 -0.264098954866 -0.552133538193
-0.551268051878 -0.459179918546 -0.696604146831
-0.99575445704 -0.0920224913647 -0.00221864108874
0.17328920925 0.851475797776 -0.494934152953
0.142634086304 -0.687690103388 0.711855209383
-0.57208846283 -0.110927077022 0.812656123019
-0.637501860429 0.471826150953 -0.609074265772
0.881684806649 -0.323096066437 0.34386164889
0.872287288778 0.485721513675 -0.0564756318248
0.375188882951 0.160867592702 0.912882752454
0.210625292598 0.889259777464 0.406022209125
