-0.764427578795 -0.641935230399 -0.0597464371289
-0.431553233673 0.896181164407 -0.103058852453
0.040304164328 -0.939640597043 -0.339780992296
0.262481926647 -0.0296462890671 0.964481381743
0.149764040861 -0.822654980251 0.548461042858
0.468993427148 0.882092352129 -0.0442520915712
0.0615014023671 0.59915581848 -0.79826679919
-0.377111656211 0.564205425357 0.734478751733
0.902583525574 0.210843879395 0.37535028691
0.191813610804 -0.282669459599 -0.939843346159
-0.658670237897 -0.029687228096 -0.751845852683
-0.965850032757 0.213173501551 0.147277874987
0.817792902718 -0.571672400713 -0.0663734474542
0.82637644074 0.206244514456 -0.523989673989
-0.56795218601 -0.317613357223 0.759310259196
