0.302378393809 0.832399832272 -0.464411268372
-0.449178134995 0.892882431378 0.0316222513258
0.670497075434 -0.447305252271 -0.591905130173
-0.958885413174 0.173500735737 0.224580184125
-0.0266243775207 -0.685623381141 0.727469395751
-0.456669218827 -0.532036416328 -0.713015060343
0.475185420432 0.0491675671569 0.878510880154
0.968013380613 0.249212980083 -0.029034212793
0.354681649123 0.826802679592 0.436575602612
-0.705034185695 0.331363828232 -0.626996658955
0.759194048029 -0.57941835565 0.296477261479
-0.710520448783 -0.689899504485 0.138561775293
0.0965986007044 0.126149405033 -0.98729683376
0.0906365156525 -0.983694875421 -0.155336454515
-0.345428427197 0.422646692002 0.837883628808
