0
0.476971393689 0.787027679421 0.001953125 0.49
0.478199384868 0.791366541268 7.62939453125e-06 0.54
0.478206776432 0.791392701659 5.96046447754e-08 0.35
final density: 0.791393 (gamma = 0.025000)
1
0.475360131169 0.781356497768 0.0009765625 0.56
0.476261314743 0.784525346628 6.103515625e-05 0.33
0.476289099515 0.784623170068 2.38418579102e-07 0.38
final density: 0.784624 (gamma = 0.025000)
2
0.476372599331 0.784917197087 0.001953125 0.53
0.478196842973 0.791357545054 1.52587890625e-05 0.46
0.47820676018 0.791392644139 5.96046447754e-08 0.67
final density: 0.791393 (gamma = 0.025000)
3
0.476885331427 0.7867241373 0.001953125 0.6
0.478199763363 0.791367880831 7.62939453125e-06 0.58
0.478206771729 0.791392685015 5.96046447754e-08 0.48
final density: 0.791393 (gamma = 0.025000)
4
0.476757761039 0.786274326197 0.001953125 0.53
0.478199229296 0.791365990667 1.52587890625e-05 0.39
0.478206772231 0.791392686789 5.96046447754e-08 0.41
final density: 0.791393 (gamma = 0.025000)
5
0.472978983373 0.773020889298 0.001953125 0.4
0.473893845437 0.776217130901 7.62939453125e-06 0.4
0.473899602169 0.77623726833 5.96046447754e-08 0.4
final density: 0.776237 (gamma = 0.025000)
6
0.472565427398 0.771578665461 0.0009765625 0.48
0.473188413609 0.773751870483 7.62939453125e-06 0.4
0.473190862008 0.773760418674 1.49011611938e-08 0.4
final density: 0.773760 (gamma = 0.025000)
7
0.476921899225 0.786853103483 0.001953125 0.5
0.478199668843 0.791367546307 7.62939453125e-06 0.61
0.478206772974 0.791392689421 5.96046447754e-08 0.37
final density: 0.791393 (gamma = 0.025000)
8
0.476763965813 0.786296200527 0.001953125 0.5
0.478198248408 0.791362519129 1.52587890625e-05 0.35
0.478206770428 0.791392680408 5.96046447754e-08 0.43
final density: 0.791393 (gamma = 0.025000)
9
0.476785582142 0.786372409674 0.001953125 0.43
0.478199133096 0.791365650198 1.52587890625e-05 0.27
0.478206766023 0.79139266482 5.96046447754e-08 0.54
final density: 0.791393 (gamma = 0.025000)
10
0.476727580462 0.786167932758 0.001953125 0.56
0.478198267738 0.791362587541 1.52587890625e-05 0.44
0.478206762225 0.791392651375 5.96046447754e-08 0.41
final density: 0.791393 (gamma = 0.025000)
11
0.475195389426 0.780778051699 0.001953125 0.48
0.47677906017 0.786349415756 1.52587890625e-05 0.51
0.476789403519 0.786385882541 1.19209289551e-07 0.3
final density: 0.786386 (gamma = 0.025000)
12
0.472671724695 0.771949208634 0.001953125 0.41
0.473606271988 0.775211581344 7.62939453125e-06 0.5
0.473609781656 0.775223848751 2.98023223877e-08 0.3
final density: 0.775224 (gamma = 0.025000)
13
0.474253894047 0.777477212086 0.001953125 0.46
0.475627240082 0.782294929012 1.52587890625e-05 0.37
0.475637686459 0.782331644015 1.19209289551e-07 0.48
final density: 0.782332 (gamma = 0.025000)
14
0.475615222069 0.782252691604 0.001953125 0.23
0.476783554661 0.786365261524 7.62939453125e-06 0.44
0.47678942362 0.78638595341 5.96046447754e-08 0.31
final density: 0.786386 (gamma = 0.025000)
15
0.476406526096 0.785036682098 0.001953125 0.6
0.478197787731 0.791360888712 7.62939453125e-06 0.6
0.478206766928 0.791392668022 5.96046447754e-08 0.36
final density: 0.791393 (gamma = 0.025000)
16
0.476980075236 0.787058303227 0.001953125 0.37
0.478200375856 0.791370048561 7.62939453125e-06 0.65
0.478206778896 0.791392710378 5.96046447754e-08 0.43
final density: 0.791393 (gamma = 0.025000)
17
0.476868366414 0.786664309963 0.001953125 0.47
0.478199524166 0.791367034268 7.62939453125e-06 0.57
0.478206770232 0.791392679717 5.96046447754e-08 0.44
final density: 0.791393 (gamma = 0.025000)
18
0.475560994697 0.782062126201 0.001953125 0.39
0.476783077897 0.786363580639 7.62939453125e-06 0.57
0.476789424782 0.786385957506 5.96046447754e-08 0.49
final density: 0.786386 (gamma = 0.025000)
19
0.476206434969 0.784332149944 0.00390625 0.41
0.478196872286 0.791357648797 1.52587890625e-05 0.42
0.478206755724 0.791392628368 1.19209289551e-07 0.32
final density: 0.791393 (gamma = 0.025000)
20
0.47671133965 0.786110683787 0.001953125 0.6
0.478196416985 0.791356037415 1.52587890625e-05 0.35
0.478206756122 0.791392629777 1.19209289551e-07 0.34
final density: 0.791393 (gamma = 0.025000)
21
0.47682109463 0.786497619935 0.001953125 0.53
0.478198994978 0.791365161375 7.62939453125e-06 0.53
0.478206773765 0.79139269222 5.96046447754e-08 0.53
final density: 0.791393 (gamma = 0.025000)
22
0.475501313857 0.781852428718 0.001953125 0.62
0.476782203669 0.786360498448 7.62939453125e-06 0.46
0.476789419789 0.786385939903 5.96046447754e-08 0.39
final density: 0.786386 (gamma = 0.025000)
23
0.476298492509 0.784656242191 0.001953125 0.43
0.478197110761 0.791358492799 1.52587890625e-05 0.39
0.478206752884 0.791392618318 1.19209289551e-07 0.41
final density: 0.791393 (gamma = 0.025000)
24
0.476050040151 0.783781741461 0.00390625 0.37
0.47819354775 0.791345882776 3.0517578125e-05 0.31
0.478206726862 0.791392526219 1.19209289551e-07 0.38
final density: 0.791393 (gamma = 0.025000)
25
0.476562559897 0.785586351617 0.001953125 0.58
0.478198734607 0.791364239874 1.52587890625e-05 0.46
0.478206775751 0.791392699247 5.96046447754e-08 0.47
final density: 0.791393 (gamma = 0.025000)
26
0.47690578401 0.786796267261 0.001953125 0.39
0.478199748981 0.79136782993 7.62939453125e-06 0.19
0.478206768904 0.791392675014 5.96046447754e-08 0.44
final density: 0.791393 (gamma = 0.025000)
27
0.476754652867 0.786263368778 0.001953125 0.48
0.478199074563 0.791365443039 7.62939453125e-06 0.61
0.478206774069 0.791392693296 5.96046447754e-08 0.52
final density: 0.791393 (gamma = 0.025000)
28
0.476796917605 0.786412375044 0.001953125 0.42
0.478200189567 0.79136938925 1.52587890625e-05 0.27
0.47820677912 0.791392711173 5.96046447754e-08 0.42
final density: 0.791393 (gamma = 0.025000)
29
0.476898338119 0.786770007434 0.001953125 0.49
0.478199357686 0.791366445065 1.52587890625e-05 0.24
0.478206770549 0.791392680838 5.96046447754e-08 0.3
final density: 0.791393 (gamma = 0.025000)
30
0.476700323288 0.786071852473 0.001953125 0.47
0.478198406036 0.791363077001 1.52587890625e-05 0.44
0.478206769493 0.791392677098 5.96046447754e-08 0.38
final density: 0.791393 (gamma = 0.025000)
31
0.476639454489 0.785857318421 0.001953125 0.48
0.478198772571 0.791364374236 7.62939453125e-06 0.19
0.478206771978 0.791392685894 5.96046447754e-08 0.47
final density: 0.791393 (gamma = 0.025000)
32
0.47453127925 0.778448833856 0.001953125 0.36
0.475630608392 0.782306767216 1.52587890625e-05 0.29
0.475637707908 0.782331719401 5.96046447754e-08 0.41
final density: 0.782332 (gamma = 0.025000)
33
0.476647888508 0.785887042281 0.001953125 0.62
0.478197287634 0.791359118782 1.52587890625e-05 0.29
0.478206762626 0.791392652797 5.96046447754e-08 0.45
final density: 0.791393 (gamma = 0.025000)
34
0.476556017385 0.785563299247 0.001953125 0.47
0.47819791028 0.791361322434 1.52587890625e-05 0.37
0.478206770515 0.791392680718 5.96046447754e-08 0.41
final density: 0.791393 (gamma = 0.025000)
35
0.475600251232 0.7822000784 0.001953125 0.34
0.476492935446 0.785341052664 7.62939453125e-06 0.49
0.476497203763 0.785356089349 5.96046447754e-08 0.5
final density: 0.785356 (gamma = 0.025000)
36
0.475485668096 0.781797460641 0.001953125 0.39
0.47678196666 0.786359662851 7.62939453125e-06 0.69
0.476789419673 0.786385939493 5.96046447754e-08 0.4
final density: 0.786386 (gamma = 0.025000)
37
0.475725351828 0.782639795169 0.00390625 0.34
0.478194368306 0.791348786834 1.52587890625e-05 0.49
0.478206741743 0.791392578885 1.19209289551e-07 0.32
final density: 0.791393 (gamma = 0.025000)
38
0.476530950197 0.785474979443 0.001953125 0.59
0.47819793664 0.791361415725 1.52587890625e-05 0.45
0.478206763883 0.791392657246 5.96046447754e-08 0.39
final density: 0.791393 (gamma = 0.025000)
39
0.475519690536 0.78191699428 0.001953125 0.59
0.476781196956 0.78635694918 1.52587890625e-05 0.42
0.47678941327 0.78638591692 5.96046447754e-08 0.58
final density: 0.786386 (gamma = 0.025000)
40
0.476701159971 0.786074801638 0.001953125 0.36
0.478199332764 0.79136635686 1.52587890625e-05 0.39
0.47820677052 0.791392680733 5.96046447754e-08 0.34
final density: 0.791393 (gamma = 0.025000)
41
0.475640125759 0.782340217365 0.001953125 0.38
0.476783584049 0.786365365136 7.62939453125e-06 0.47
0.476789425644 0.786385960545 5.96046447754e-08 0.43
final density: 0.786386 (gamma = 0.025000)
42
0.474332922594 0.777753957714 0.001953125 0.35
0.475630540732 0.782306529417 1.52587890625e-05 0.27
0.4756377086 0.782331721831 5.96046447754e-08 0.59
final density: 0.782332 (gamma = 0.025000)
43
0.476691960746 0.786042376325 0.001953125 0.47
0.478198238296 0.791362483339 7.62939453125e-06 0.6
0.478206768888 0.791392674958 5.96046447754e-08 0.43
final density: 0.791393 (gamma = 0.025000)
44
0.476303917143 0.784675342361 0.001953125 0.62
0.478197494049 0.79135984932 1.52587890625e-05 0.4
0.478206763303 0.791392655193 5.96046447754e-08 0.5
final density: 0.791393 (gamma = 0.025000)
45
0.475784984841 0.782849452181 0.001953125 0.53
0.47819239658 0.79134180864 3.0517578125e-05 0.3
0.47820673592 0.791392558278 1.19209289551e-07 0.46
final density: 0.791393 (gamma = 0.025000)
46
0.476616958852 0.785778040793 0.001953125 0.49
0.478197942397 0.7913614361 1.52587890625e-05 0.37
0.478206755096 0.791392626147 1.19209289551e-07 0.27
final density: 0.791393 (gamma = 0.025000)
47
0.475546830217 0.782012354121 0.001953125 0.38
0.476783497504 0.786365060013 7.62939453125e-06 0.5
0.47678942479 0.786385957534 5.96046447754e-08 0.43
final density: 0.786386 (gamma = 0.025000)
48
0.475394502081 0.781477214588 0.001953125 0.47
0.476781631474 0.786358481116 1.52587890625e-05 0.21
0.476789422477 0.786385949379 5.96046447754e-08 0.52
final density: 0.786386 (gamma = 0.025000)
49
0.475508147709 0.781876438744 0.001953125 0.73
0.478192294166 0.791341446183 3.0517578125e-05 0.32
0.47820673998 0.791392572648 1.19209289551e-07 0.56
final density: 0.791393 (gamma = 0.025000)
50
0.472582222732 0.771637205403 0.0009765625 0.5
0.473188599918 0.773752520947 3.81469726562e-06 0.35
0.47319086511 0.773760429504 1.49011611938e-08 0.41
final density: 0.773760 (gamma = 0.025000)
51
0.476794642008 0.786404351887 0.001953125 0.55
0.478197169453 0.791358700521 1.52587890625e-05 0.26
0.478206754015 0.79139262232 5.96046447754e-08 0.67
final density: 0.791393 (gamma = 0.025000)
52
0.476616073518 0.785774920855 0.001953125 0.38
0.478197739015 0.791360716297 1.52587890625e-05 0.5
0.478206757981 0.791392636356 5.96046447754e-08 0.67
final density: 0.791393 (gamma = 0.025000)
53
0.47652386761 0.785450026291 0.001953125 0.39
0.478197502999 0.791359880997 1.52587890625e-05 0.5
0.478206760859 0.791392646542 5.96046447754e-08 0.53
final density: 0.791393 (gamma = 0.025000)
54
0.475620596516 0.782271579974 0.001953125 0.39
0.476781870412 0.786359323515 1.52587890625e-05 0.34
0.476789424674 0.786385957124 5.96046447754e-08 0.46
final density: 0.786386 (gamma = 0.025000)
55
0.477088042653 0.787439214212 0.001953125 0.36
0.478201638166 0.791374516135 7.62939453125e-06 0.33
0.478206782954 0.79139272474 2.98023223877e-08 0.56
final density: 0.791393 (gamma = 0.025000)
56
0.47655007768 0.785542371202 0.001953125 0.4
0.478196220759 0.791355342938 1.52587890625e-05 0.43
0.478206750511 0.791392609918 5.96046447754e-08 0.59
final density: 0.791393 (gamma = 0.025000)
57
0.476811798006 0.786464840646 0.0009765625 0.55
0.478199280803 0.791366172962 1.52587890625e-05 0.32
0.478206773324 0.791392690661 5.96046447754e-08 0.57
final density: 0.791393 (gamma = 0.025000)
58
0.475321655976 0.781221379351 0.001953125 0.46
0.476781707334 0.78635874857 1.52587890625e-05 0.36
0.476789418851 0.786385936596 5.96046447754e-08 0.4
final density: 0.786386 (gamma = 0.025000)
59
0.477042497286 0.787278515731 0.001953125 0.33
0.478200863967 0.791371776086 7.62939453125e-06 0.48
0.478206780861 0.791392717333 5.96046447754e-08 0.44
final density: 0.791393 (gamma = 0.025000)
60
0.475424243141 0.781581679637 0.001953125 0.64
0.47819176889 0.791339587172 3.0517578125e-05 0.39
0.478206745266 0.791392591356 1.19209289551e-07 0.43
final density: 0.791393 (gamma = 0.025000)
61
0.474386705609 0.777942331456 0.001953125 0.31
0.475629335228 0.782302292563 1.52587890625e-05 0.31
0.475637708561 0.782331721694 5.96046447754e-08 0.5
final density: 0.782332 (gamma = 0.025000)
62
0.476776347442 0.786339851859 0.001953125 0.4
0.478198972102 0.791365080412 1.52587890625e-05 0.31
0.478206771534 0.791392684323 5.96046447754e-08 0.43
final density: 0.791393 (gamma = 0.025000)
63
0.476886140913 0.786726992031 0.001953125 0.4
0.478198910172 0.791364861228 1.52587890625e-05 0.35
0.478206775292 0.791392697623 5.96046447754e-08 0.41
final density: 0.791393 (gamma = 0.025000)
64
0.476823219911 0.786505113654 0.001953125 0.49
0.478200189177 0.79136938787 7.62939453125e-06 0.41
0.478206776932 0.791392703427 5.96046447754e-08 0.44
final density: 0.791393 (gamma = 0.025000)
65
0.476019757275 0.783675192363 0.001953125 0.54
0.478195069926 0.791351269966 1.52587890625e-05 0.49
0.478206744315 0.791392587988 1.19209289551e-07 0.42
final density: 0.791393 (gamma = 0.025000)
66
0.476773089961 0.786328367493 0.001953125 0.55
0.478199516156 0.79136700592 1.52587890625e-05 0.38
0.47820677545 0.791392698183 5.96046447754e-08 0.48
final density: 0.791393 (gamma = 0.025000)
67
0.472691746181 0.772019013809 0.001953125 0.31
0.473646281623 0.77535143472 1.52587890625e-05 0.29
0.473652561395 0.775373386997 2.98023223877e-08 0.45
final density: 0.775373 (gamma = 0.025000)
68
0.475669885195 0.782444816754 0.001953125 0.39
0.476783163853 0.786363883686 7.62939453125e-06 0.52
0.476789424486 0.786385956462 5.96046447754e-08 0.42
final density: 0.786386 (gamma = 0.025000)
69
0.475026274112 0.780184518391 0.001953125 0.49
0.47628203014 0.784598279814 1.52587890625e-05 0.41
0.476289233985 0.784623643523 5.96046447754e-08 0.36
final density: 0.784624 (gamma = 0.025000)
70
0.476217318156 0.784370460416 0.001953125 0.68
0.478196811807 0.791357434752 1.52587890625e-05 0.39
0.478206757462 0.79139263452 5.96046447754e-08 0.55
final density: 0.791393 (gamma = 0.025000)
71
0.476652526966 0.785903389803 0.001953125 0.32
0.478198194503 0.791362328348 1.52587890625e-05 0.31
0.478206761403 0.791392648468 5.96046447754e-08 0.58
final density: 0.791393 (gamma = 0.025000)
72
0.476760228001 0.786283023188 0.001953125 0.56
0.478198259222 0.791362557399 1.52587890625e-05 0.48
0.478206766381 0.791392666086 5.96046447754e-08 0.51
final density: 0.791393 (gamma = 0.025000)
73
0.476864991715 0.78665240937 0.001953125 0.44
0.478199121045 0.791365607549 7.62939453125e-06 0.52
0.478206773179 0.791392690146 5.96046447754e-08 0.55
final density: 0.791393 (gamma = 0.025000)
74
0.476624893176 0.785806001858 0.001953125 0.51
0.478198563549 0.791363634468 1.52587890625e-05 0.28
0.478206769871 0.791392678439 5.96046447754e-08 0.43
final density: 0.791393 (gamma = 0.025000)
75
0.472774054683 0.772306023495 0.001953125 0.36
0.473606405498 0.775212048001 7.62939453125e-06 0.42
0.47360978237 0.775223851246 2.98023223877e-08 0.34
final density: 0.775224 (gamma = 0.025000)
76
0.476399974822 0.785013608627 0.001953125 0.58
0.478196101906 0.7913549223 1.52587890625e-05 0.34
0.47820675646 0.791392630973 5.96046447754e-08 0.51
final density: 0.791393 (gamma = 0.025000)
77
0.475576775788 0.78211758109 0.001953125 0.3
0.476783053018 0.786363492923 7.62939453125e-06 0.54
0.476789421354 0.786385945421 5.96046447754e-08 0.4
final density: 0.786386 (gamma = 0.025000)
78
0.476887554777 0.786731978179 0.001953125 0.56
0.47819949276 0.791366923116 1.52587890625e-05 0.21
0.478206769956 0.791392678739 5.96046447754e-08 0.56
final density: 0.791393 (gamma = 0.025000)
79
0.476455450818 0.785209007055 0.001953125 0.5
0.47819627109 0.791355521069 1.52587890625e-05 0.38
0.478206755247 0.791392626678 1.19209289551e-07 0.35
final density: 0.791393 (gamma = 0.025000)
80
0.476871466879 0.786675243588 0.001953125 0.48
0.478200216301 0.791369483866 1.52587890625e-05 0.29
0.478206783306 0.791392725989 2.98023223877e-08 0.46
final density: 0.791393 (gamma = 0.025000)
81
0.476032825766 0.783721172255 0.00390625 0.33
0.47819351432 0.791345764463 1.52587890625e-05 0.6
0.478206743386 0.791392584701 1.19209289551e-07 0.4
final density: 0.791393 (gamma = 0.025000)
82
0.476837170301 0.786554303657 0.001953125 0.56
0.478198920793 0.791364898819 1.52587890625e-05 0.42
0.478206772207 0.791392686707 5.96046447754e-08 0.37
final density: 0.791393 (gamma = 0.025000)
83
0.476570203161 0.785613282982 0.001953125 0.54
0.47819711444 0.79135850582 1.52587890625e-05 0.33
0.478206755932 0.791392629104 1.19209289551e-07 0.37
final density: 0.791393 (gamma = 0.025000)
84
0.476641591426 0.785864849526 0.001953125 0.46
0.478198418328 0.791363120504 7.62939453125e-06 0.63
0.478206767899 0.791392671457 5.96046447754e-08 0.44
final density: 0.791393 (gamma = 0.025000)
85
0.472942624893 0.772894028581 0.001953125 0.24
0.473607416503 0.775215581775 3.81469726562e-06 0.42
0.473609786109 0.775223864315 2.98023223877e-08 0.28
final density: 0.775224 (gamma = 0.025000)
86
0.472911964905 0.772787060599 0.001953125 0.28
0.473607574152 0.775216132808 3.81469726562e-06 0.39
0.473609787452 0.775223869011 1.49011611938e-08 0.41
final density: 0.775224 (gamma = 0.025000)
87
0.476773290418 0.786329074207 0.001953125 0.42
0.478198744532 0.791364274999 1.52587890625e-05 0.27
0.478206769084 0.791392675651 5.96046447754e-08 0.47
final density: 0.791393 (gamma = 0.025000)
88
0.477062778746 0.787350072694 0.001953125 0.4
0.478200220855 0.791369499984 7.62939453125e-06 0.54
0.478206780172 0.791392714895 5.96046447754e-08 0.47
final density: 0.791393 (gamma = 0.025000)
89
0.475730071345 0.782656386751 0.001953125 0.4
0.476783665036 0.786365650664 7.62939453125e-06 0.46
0.476789430584 0.786385977961 5.96046447754e-08 0.28
final density: 0.786386 (gamma = 0.025000)
90
0.476536354554 0.785494020231 0.001953125 0.52
0.478198886393 0.79136477707 7.62939453125e-06 0.59
0.478206767874 0.791392671369 5.96046447754e-08 0.52
final density: 0.791393 (gamma = 0.025000)
91
0.475598388689 0.782193532866 0.001953125 0.3
0.476782066225 0.786360013876 7.62939453125e-06 0.59
0.476789420609 0.786385942794 5.96046447754e-08 0.51
final density: 0.786386 (gamma = 0.025000)
92
0.472496322006 0.771337827604 0.001953125 0.44
0.473187758248 0.773749582404 7.62939453125e-06 0.4
0.473190862316 0.773760419749 2.98023223877e-08 0.36
final density: 0.773760 (gamma = 0.025000)
93
0.476589606225 0.785681653005 0.001953125 0.48
0.478196637941 0.791356819414 1.52587890625e-05 0.41
0.478206752645 0.791392617471 1.19209289551e-07 0.34
final density: 0.791393 (gamma = 0.025000)
94
0.47296920276 0.772986761895 0.001953125 0.28
0.473893295623 0.776215207631 7.62939453125e-06 0.58
0.473899603155 0.776237271779 5.96046447754e-08 0.45
final density: 0.776237 (gamma = 0.025000)
95
0.476317263079 0.784722334678 0.00390625 0.39
0.478195920939 0.791354281831 1.52587890625e-05 0.43
0.478206754589 0.791392624349 1.19209289551e-07 0.24
final density: 0.791393 (gamma = 0.025000)
96
0.476663565375 0.785942293779 0.001953125 0.47
0.478198662384 0.791363984262 1.52587890625e-05 0.42
0.47820677047 0.791392680556 5.96046447754e-08 0.48
final density: 0.791393 (gamma = 0.025000)
97
0.476994858624 0.787110452692 0.001953125 0.37
0.478199947847 0.791368533755 1.52587890625e-05 0.33
0.478206776648 0.791392702422 5.96046447754e-08 0.39
final density: 0.791393 (gamma = 0.025000)
98
0.475776175237 0.782818477345 0.00390625 0.39
0.478194659459 0.791349817267 1.52587890625e-05 0.48
0.478206747088 0.791392597804 1.19209289551e-07 0.37
final density: 0.791393 (gamma = 0.025000)
99
0.47655104786 0.785545789525 0.001953125 0.45
0.478197303546 0.791359175098 1.52587890625e-05 0.54
0.478206761864 0.791392650098 5.96046447754e-08 0.45
final density: 0.791393 (gamma = 0.025000)