0
0.398910564018 0.788596544598 0.0078125 0.4
0.404078957832 0.810120963195 0.0001220703125 0.61
0.404265961177 0.810905962346 3.0517578125e-05 0.36
0.404278720138 0.810959537495 4.76837158203e-07 0.48
0.404279048199 0.810960915058 1.49011611938e-08 0.41
final density: 0.810961 (gamma = 0.025000)
1
0.397253400478 0.781764877183 0.0078125 0.42
0.404064596138 0.81006069389 0.00048828125 0.35
0.404273091026 0.810935900487 1.52587890625e-05 0.39
0.404278912572 0.810960345547 2.38418579102e-07 0.35
final density: 0.810961 (gamma = 0.025000)
2
0.398681055373 0.787648377055 0.0078125 0.38
0.404127001202 0.810322597318 0.000244140625 0.54
0.404274941146 0.810943669216 7.62939453125e-06 0.43
0.404278944993 0.810960481685 2.38418579102e-07 0.29
final density: 0.810961 (gamma = 0.025000)
3
0.398493403675 0.786873614924 0.0078125 0.5
0.404126045659 0.810318586701 0.000244140625 0.48
0.404275074716 0.810944230086 7.62939453125e-06 0.47
0.40427895348 0.810960517324 2.38418579102e-07 0.37
final density: 0.810961 (gamma = 0.025000)
4
0.398620520717 0.787398398766 0.0078125 0.44
0.404054187654 0.810017015962 0.000244140625 0.51
0.404270315782 0.810924247197 1.52587890625e-05 0.44
0.4042788156 0.810959938351 4.76837158203e-07 0.48
final density: 0.810961 (gamma = 0.025000)
5
0.397207873812 0.781577669981 0.0078125 0.58
0.404001297433 0.809795089389 0.000244140625 0.56
0.404131109641 0.810339841432 7.62939453125e-06 0.33
0.40413366871 0.810350582571 1.19209289551e-07 0.49
final density: 0.810351 (gamma = 0.025000)
6
0.398033109148 0.784975021668 0.0078125 0.48
0.404048324975 0.809992414538 0.00048828125 0.44
0.404272477123 0.81093332269 1.52587890625e-05 0.33
0.40427887647 0.81096019395 4.76837158203e-07 0.23
final density: 0.810961 (gamma = 0.025000)
7
0.398262411582 0.785920507606 0.0078125 0.58
0.404125673736 0.810317025667 0.000244140625 0.51
0.404274471728 0.810941698109 7.62939453125e-06 0.58
0.404278932305 0.810960428406 2.38418579102e-07 0.32
final density: 0.810961 (gamma = 0.025000)
8
0.398969460624 0.788839968383 0.0078125 0.54
0.404147155099 0.810407190117 0.000244140625 0.42
0.404274528842 0.81094193793 7.62939453125e-06 0.54
0.404278917031 0.810960364272 2.38418579102e-07 0.46
final density: 0.810961 (gamma = 0.025000)
9
0.398680455061 0.787645897843 0.0078125 0.36
0.40409003532 0.810167451972 0.000244140625 0.43
0.404271301204 0.810928384986 1.52587890625e-05 0.39
0.404278863718 0.810960140401 2.38418579102e-07 0.4
final density: 0.810961 (gamma = 0.025000