0
0.449414699052 0.800075628 0.00390625 0.35
0.451242520531 0.806989798592 3.0517578125e-05 0.36
0.451259863242 0.807055570208 4.76837158203e-07 0.46
final density: 0.807057 (gamma = 0.025000)
1
0.449167828205 0.799144476751 0.00390625 0.4
0.451295862689 0.807192106971 6.103515625e-05 0.32
0.45132774869 0.807313053898 4.76837158203e-07 0.58
final density: 0.807314 (gamma = 0.025000)
2
0.449129995605 0.799001835812 0.00390625 0.49
0.451244543741 0.806997471383 3.0517578125e-05 0.52
0.451260419204 0.807057678728 2.38418579102e-07 0.47
final density: 0.807058 (gamma = 0.025000)
3
0.449733662827 0.80127964987 0.00390625 0.29
0.45127351374 0.807107341473 3.0517578125e-05 0.38
0.451287221908 0.807159333435 2.38418579102e-07 0.3
final density: 0.807160 (gamma = 0.025000)
4
0.449454912407 0.800227366068 0.00390625 0.44
0.451269552912 0.807092319323 3.0517578125e-05 0.39
0.451287177054 0.807159163309 2.38418579102e-07 0.42
final density: 0.807160 (gamma = 0.025000)
5
0.449330501568 0.799757978605 0.00390625 0.37
0.451303687351 0.807221785738 3.0517578125e-05 0.56
0.451327793503 0.807313223888 4.76837158203e-07 0.38
final density: 0.807314 (gamma = 0.025000)
6
0.449505983887 0.8004200999 0.001953125 0.63
0.45123202837 0.806950008986 3.0517578125e-05 0.38
0.451246557704 0.807005109146 2.38418579102e-07 0.5
final density: 0.807006 (gamma = 0.025000)
7
0.449408955104 0.800053955603 0.00390625 0.3
0.451264737896 0.807074057733 3.0517578125e-05 0.53
0.451287149425 0.807159058518 4.76837158203e-07 0.38
final density: 0.807160 (gamma = 0.025000)
8
0.449296505667 0.799629744391 0.00390625 0.4
0.451301602506 0.807213877903 3.0517578125e-05 0.67
0.451327732635 0.807312993 4.76837158203e-07 0.47
final density: 0.807314 (gamma = 0.025000)
9
0.449448919237 0.80020475081 0.00390625 0.35
0.451245810916 0.807002277018 3.0517578125e-05 0.35
0.451260135117 0.807056601311 4.76837158203e-07 0.48
0.451260445697 0.807057779204 1.49011611938e-08 0.34
final density: 0.807058 (gamma = 0.025000)