0.147955145439 0.217938570475
0.013479790963 0.222766421052
0.0416674466019 0.458315437213
0.964725975287 0.57096666487
0.112976695262 0.781488176694
0.961605903124 0.771218604471
0.024909219227 0.874495599532
0.998741913012 0.00873095475139
0.281970839425 0.15660549715
0.0836100995885 0.331975758949
0.161222177725 0.452424284206
0.110434580536 0.57005401047
0.183769156878 0.669961762999
0.215995063041 0.869440397008
0.290167789362 0.977959102801
0.117271960461 0.972330616374
0.391712809629 0.103048733895
0.266436503361 0.281520403108
0.382302951351 0.223060763591
0.280026853381 0.414992496781
0.237404807149 0.548785031461
0.318080904025 0.645041504119
0.280407092483 0.761150647876
0.190167047767 0.0753215910489
0.415197621627 0.976875932026
0.530816808823 0.0572807627588
0.376124658951 0.343395180697
0.364021338408 0.503990914571
0.441913204461 0.608517428787
0.402657409466 0.749842764819
0.461967338142 0.855513326521
0.339886030451 0.86903613684
0.661274931835 0.121226906251
0.494647438363 0.172590040158
0.503296988119 0.339155547584
0.48032624885 0.458361186493
0.563047342437 0.548925444019
0.524930277858 0.740779052235
0.587129138726 0.847657550268
0.614794532493 0.965394821391
0.729932631472 0.0166169007556
0.633958125062 0.238274126106
0.713283461455 0.335629523834
0.602037639471 0.42450947315
0.697979368756 0.541928751426
0.635711583347 0.650658976951
0.694073371779 0.767194565397
0.728663916426 0.891366551739
0.808822667465 0.111302768686
0.753334224649 0.218903449682
0.840486633286 0.348671083744
0.775349652623 0.449969899191
0.835035796448 0.554312295531
0.755912988155 0.653850194312
0.832134004063 0.780461294195
0.948367333807 0.12012539226
0.0742880867893 0.118518517864
0.890497067665 0.227949892416
0.961599980505 0.335743922844
0.919015930105 0.451122344381
0.0454955642808 0.676868590842
0.890687737036 0.671081700761
0.901428674607 0.884545337696
0.86505470985 0.0042493252402
